#
0.0005 0.00500000000004893  0.00499999999995122  0.0349994166312589
0.001 0.00500000000011367  0.00499999999988727  0.034998445021732
0.0015 0.00500000000018014  0.00499999999982111  0.0349971541371333
0.002 0.00500000000024779  0.00499999999975383  0.0349955486030606
0.0025 0.00500000000031557  0.00499999999968565  0.0349936305502184
0.003 0.00500000000038359  0.00499999999961667  0.0349914017105227
0.0035 0.00500000000045168  0.00499999999954691  0.0349888638972149
0.004 0.00500000000051984  0.00499999999947643  0.0349860186704596
0.0045 0.00500000000058837  0.0049999999994056  0.0349828673264212
0.005 0.0050000000006572  0.0049999999993344  0.0349794107158387
0.0055 0.00500000000072621  0.00499999999926278  0.0349756492495342
0.006 0.00500000000079544  0.00499999999919083  0.0349715847590275
0.0065 0.00500000000086494  0.00499999999911876  0.0349672181583257
0.007 0.00500000000093454  0.00499999999904657  0.0349625496746696
0.0075 0.00500000000100413  0.00499999999897439  0.0349575788079435
0.008 0.00500000000107357  0.00499999999890207  0.03495230509129
0.0085 0.00500000000114208  0.00499999999882882  0.0349467299084278
0.009 0.00500000000121034  0.00499999999875578  0.034940852007932
0.0095 0.00500000000127797  0.00499999999868232  0.0349346710581889
0.01 0.00500000000134533  0.00499999999860882  0.0349281902736331
0.0105 0.00500000000141239  0.00499999999853522  0.0349214122866522
0.011 0.00500000000147897  0.00499999999846144  0.0349143393569099
0.0115 0.00500000000154511  0.00499999999838767  0.0349069728530051
0.012 0.00500000000161045  0.00499999999831374  0.0348993132449166
0.0125 0.00500000000167537  0.00499999999824025  0.0348913601473935
0.013 0.00500000000173929  0.00499999999816674  0.0348831125716363
0.0135 0.00500000000180285  0.00499999999809323  0.0348745746709917
0.014 0.00500000000186569  0.00499999999802004  0.0348657495587468
0.0145 0.00500000000192777  0.00499999999794682  0.0348566421949272
0.015 0.00500000000198882  0.00499999999787392  0.0348472537273534
0.0155 0.00500000000204884  0.00499999999780161  0.0348375852514133
0.016 0.00500000000210719  0.00499999999772971  0.0348276391063635
0.0165 0.00500000000216423  0.00499999999765859  0.0348174170158015
0.017 0.00500000000221974  0.00499999999758805  0.0348069204517808
0.0175 0.00500000000227325  0.00499999999751783  0.034796148955947
0.018 0.00500000000232501  0.00499999999744873  0.0347850991333719
0.0185 0.00500000000237419  0.00499999999738048  0.0347737700323122
0.019 0.00500000000242099  0.00499999999731352  0.0347621594998457
0.0195 0.00500000000246598  0.00499999999724732  0.0347502708118017
0.02 0.00500000000250933  0.00499999999718145  0.0347381066389751
0.0205 0.00500000000255049  0.00499999999711626  0.0347256670581683
0.021 0.00500000000258899  0.00499999999705198  0.0347129503497808
0.0215 0.00500000000262531  0.00499999999698805  0.0346999600367919
0.022 0.00500000000265878  0.00499999999692452  0.0346867030838065
0.0225 0.00500000000268987  0.00499999999686178  0.0346731805906832
0.023 0.00500000000271755  0.00499999999679999  0.0346593944510423
0.0235 0.00500000000274183  0.00499999999673954  0.0346453480278766
0.024 0.00500000000276287  0.00499999999668006  0.0346310427656693
0.0245 0.00500000000278006  0.00499999999662176  0.0346164742201459
0.025 0.00500000000279281  0.00499999999656555  0.0346016397944341
0.0255 0.00500000000280189  0.00499999999651117  0.0345865383411378
0.026 0.00500000000280718  0.004999999996457  0.0345711734064349
0.0265 0.00500000000280904  0.00499999999640386  0.0345555456426285
0.027 0.00500000000280721  0.00499999999635252  0.0345396528533444
0.0275 0.00500000000280068  0.00499999999630131  0.0345235018101791
0.028 0.00500000000279067  0.00499999999625115  0.0345070975154036
0.0285 0.00500000000277592  0.00499999999620299  0.0344904407819244
0.029 0.00500000000275607  0.00499999999615631  0.0344735365560659
0.0295 0.00500000000273215  0.00499999999611156  0.0344563851533729
0.03 0.00500000000270233  0.00499999999606948  0.0344389803122966
0.0305 0.00500000000266665  0.00499999999603085  0.0344213191549059
0.031 0.00500000000262606  0.0049999999959929  0.034403404972665
0.0315 0.00500000000258069  0.00499999999595649  0.0343852384111616
0.032 0.00500000000253013  0.00499999999592348  0.034366818027856
0.0325 0.00500000000247476  0.00499999999589058  0.0343481528652798
0.033 0.00500000000241476  0.0049999999958605  0.0343292442458018
0.0335 0.00500000000234914  0.00499999999583296  0.0343100972675451
0.034 0.00500000000227766  0.00499999999580747  0.0342907150085136
0.0345 0.00500000000219963  0.00499999999578578  0.0342710905118917
0.035 0.00500000000211523  0.00499999999576867  0.0342512200348354
0.0355 0.00500000000202542  0.00499999999575267  0.0342311068748069
0.036 0.00500000000192964  0.00499999999574022  0.0342107498430585
0.0365 0.00500000000182855  0.00499999999573047  0.0341901512663408
0.037 0.00500000000172212  0.00499999999572242  0.0341693188408519
0.0375 0.00500000000160886  0.0049999999957179  0.0341482549706451
0.038 0.00500000000148918  0.00499999999571621  0.0341269667006315
0.0385 0.00500000000136304  0.00499999999571843  0.0341054473815552
0.039 0.0050000000012292  0.00499999999572653  0.0340836916589183
0.0395 0.00500000000108978  0.00499999999573546  0.0340617026223457
0.04 0.00500000000094375  0.00499999999574925  0.0340394784635175
0.0405 0.00500000000079149  0.00499999999576538  0.0340170242439193
0.041 0.00500000000063251  0.00499999999578381  0.0339943448674856
0.0415 0.00500000000046606  0.00499999999580618  0.0339714468446469
0.042 0.00500000000029204  0.00499999999583116  0.0339483323176966
0.0425 0.00500000000011142  0.00499999999586361  0.0339249929430919
0.043 0.00499999999992315  0.00499999999589777  0.0339014271868696
0.0435 0.00499999999972833  0.00499999999593572  0.0338776362817623
0.044 0.00499999999952629  0.00499999999597715  0.033853621464355
0.0445 0.00499999999931659  0.00499999999602106  0.0338293900911226
0.045 0.00499999999909925  0.00499999999606909  0.0338049481063523
0.0455 0.00499999999887372  0.00499999999612058  0.0337802989478302
0.046 0.00499999999864165  0.00499999999617885  0.0337554336917155
0.0465 0.00499999999840171  0.00499999999623938  0.0337303512765514
0.047 0.00499999999815442  0.00499999999630364  0.0337050512502711
0.0475 0.00499999999789982  0.00499999999637189  0.0336795381132315
0.048 0.00499999999763629  0.00499999999644294  0.0336538169252086
0.0485 0.00499999999736442  0.00499999999651831  0.033627897816627
0.049 0.00499999999708442  0.00499999999659779  0.0336017765878932
0.0495 0.0049999999967978  0.00499999999668266  0.033575445372894
0.05 0.00499999999650299  0.00499999999676998  0.0335489065872602
0.0505 0.00499999999620173  0.00499999999686242  0.0335221577144505
0.051 0.00499999999589029  0.00499999999695744  0.0334952083629023
0.0515 0.00499999999556959  0.0049999999970565  0.03346806524396
0.052 0.00499999999523939  0.00499999999715906  0.0334407317248135
0.0525 0.00499999999490458  0.00499999999726806  0.033413196842152
0.053 0.00499999999456077  0.00499999999737855  0.0333854623002999
0.0535 0.00499999999420944  0.00499999999749305  0.0333575246311463
0.054 0.00499999999384669  0.00499999999761009  0.0333293939172533
0.0545 0.0049999999934735  0.00499999999773071  0.033301077072749
0.055 0.00499999999308861  0.00499999999785388  0.0332725783099166
0.0555 0.00499999999270197  0.00499999999798331  0.0332438863093617
0.056 0.0049999999923051  0.00499999999811409  0.0332150019910095
0.0565 0.00499999999190162  0.00499999999824904  0.0331859229547336
0.057 0.00499999999148466  0.00499999999838706  0.0331566584408118
0.0575 0.00499999999105728  0.00499999999852805  0.033127218605706
0.058 0.00499999999062217  0.00499999999867317  0.0330976010438897
0.0585 0.00499999999018222  0.00499999999882253  0.0330677973150251
0.059 0.0049999999897346  0.00499999999897331  0.0330378074380534
0.0595 0.00499999998927476  0.00499999999912717  0.0330076340916536
0.06 0.0049999999888021  0.00499999999928395  0.032977284145032
0.0605 0.00499999998831802  0.00499999999944441  0.0329467695184642
0.061 0.0049999999878304  0.0049999999996078  0.032916079379663
0.0615 0.00499999998733489  0.00499999999977373  0.0328852107201989
0.062 0.00499999998683246  0.00499999999994132  0.0328541610111602
0.0625 0.0049999999863115  0.00500000000011163  0.0328229392486065
0.063 0.00499999998577959  0.00500000000028512  0.0327915565427439
0.0635 0.00499999998523858  0.00500000000046105  0.0327600104071744
0.064 0.0049999999846964  0.00500000000063929  0.0327282917853647
0.0645 0.0049999999841492  0.0050000000008179  0.0326963993370859
0.065 0.00499999998358103  0.00500000000099975  0.0326643394136244
0.0655 0.00499999998300161  0.00500000000118509  0.0326321208978487
0.066 0.00499999998241036  0.0050000000013725  0.0325997493835945
0.0665 0.0049999999818192  0.00500000000156124  0.032567212055193
0.067 0.00499999998122221  0.00500000000174991  0.0325345080652385
0.0675 0.00499999998060834  0.00500000000194135  0.0325016405901391
0.068 0.0049999999799799  0.00500000000213552  0.032468618875094
0.0685 0.00499999997933601  0.00500000000233174  0.0324354525376946
0.069 0.00499999997870027  0.00500000000252734  0.0324021267222351
0.0695 0.00499999997805515  0.00500000000272259  0.032368640974552
0.07 0.00499999997739175  0.00500000000292016  0.0323349973996584
0.0705 0.00499999997671231  0.00500000000312073  0.0323012056204563
0.071 0.00499999997601316  0.00500000000332341  0.0322672751203499
0.0715 0.00499999997532422  0.00500000000352428  0.0322331910201561
0.072 0.00499999997463173  0.00500000000372368  0.0321989521473042
0.0725 0.00499999997391665  0.00500000000392583  0.0321645620459673
0.073 0.00499999997318365  0.00500000000413077  0.0321300317419699
0.0735 0.00499999997244174  0.00500000000433643  0.0320953665876179
0.074 0.00499999997170464  0.00500000000453835  0.0320605538850313
0.0745 0.00499999997096629  0.00500000000473895  0.0320255905290821
0.075 0.00499999997019689  0.00500000000494377  0.0319904834951007
0.0755 0.00499999996940896  0.00500000000515006  0.031955245594781
0.076 0.00499999996862171  0.00500000000535488  0.0319198745839783
0.0765 0.00499999996782968  0.00500000000555679  0.0318843615052983
0.077 0.00499999996703154  0.00500000000575706  0.0318487026926017
0.0775 0.00499999996620799  0.00500000000596051  0.0318129071209775
0.078 0.00499999996535651  0.00500000000616669  0.0317769903888437
0.0785 0.00499999996451971  0.00500000000636761  0.031740941125503
0.079 0.00499999996367999  0.00500000000656468  0.0317047531466342
0.0795 0.00499999996281822  0.00500000000676458  0.0316684273282585
0.08 0.00499999996193411  0.00500000000696682  0.0316319749492635
0.0805 0.00499999996103059  0.00500000000716963  0.0315954053287466
0.081 0.00499999996014526  0.00500000000736529  0.0315587041220989
0.0815 0.00499999995925155  0.00500000000755884  0.0315218674160382
0.082 0.00499999995831523  0.00500000000775852  0.0314849018514221
0.0825 0.0049999999573633  0.00500000000795749  0.0314478232645937
0.083 0.00499999995641984  0.00500000000815242  0.0314106240022208
0.0835 0.00499999995547852  0.00500000000834142  0.0313732960109611
0.084 0.00499999995451366  0.00500000000853307  0.0313358386247227
0.0845 0.00499999995352159  0.00500000000872676  0.0312982636804775
0.085 0.00499999995251192  0.0050000000089194  0.0312605811353065
0.0855 0.00499999995152646  0.00500000000910316  0.0312227760207558
0.086 0.00499999995053779  0.00500000000928305  0.0311848438863749
0.0865 0.0049999999495046  0.00500000000946894  0.0311467922815471
0.087 0.00499999994843548  0.00500000000965696  0.0311086383586854
0.0875 0.00499999994740642  0.00500000000983262  0.0310703705781882
0.088 0.00499999994637967  0.00500000001000212  0.0310319816349143
0.0885 0.0049999999453085  0.00500000001017678  0.0309934734116706
0.089 0.00499999994420042  0.00500000001035394  0.0309548612260359
0.0895 0.00499999994310621  0.00500000001052398  0.0309161454456699
0.09 0.00499999994202165  0.00500000001068705  0.0308773147886798
0.0905 0.00499999994091079  0.00500000001085048  0.0308383656679484
0.091 0.00499999993976502  0.00500000001101627  0.030799310396756
0.0915 0.0049999999386016  0.00500000001118124  0.0307601605631503
0.092 0.00499999993746733  0.00500000001133465  0.0307209003104865
0.0925 0.00499999993632997  0.00500000001148314  0.0306815247902698
0.093 0.0049999999351404  0.00500000001163654  0.0306420423674285
0.0935 0.00499999993389926  0.00500000001179437  0.0306024710188834
0.094 0.00499999993272798  0.0050000000119347  0.030562794720002
0.0945 0.0049999999315517  0.00500000001206817  0.0305230081437387
0.095 0.00499999993030912  0.00500000001220979  0.0304831156124026
0.0955 0.00499999992902814  0.00500000001235271  0.0304431348364169
0.096 0.00499999992778649  0.00500000001248424  0.0304030569285088
0.0965 0.00499999992655448  0.00500000001260601  0.0303628725158695
0.097 0.0049999999252725  0.00500000001273291  0.0303225838169099
0.0975 0.00499999992392807  0.00500000001286447  0.0302822079249844
0.098 0.00499999992265004  0.00500000001297995  0.030241740670799
0.0985 0.00499999992137591  0.00500000001308767  0.0302011709929565
0.099 0.00499999992005598  0.00500000001319834  0.0301604986740938
0.0995 0.00499999991867661  0.00500000001331315  0.0301197402539837
0.1 0.00499999991733475  0.00500000001341663  0.0300788963224186
0.1005 0.00499999991601525  0.00500000001350884  0.0300379535765108
0.101 0.00499999991465288  0.00500000001360295  0.0299969102963962
0.1015 0.00499999991323619  0.00500000001369986  0.0299557822953773
0.102 0.00499999991182617  0.00500000001379035  0.0299145731596978
0.1025 0.00499999991045296  0.00500000001386792  0.0298732689347156
0.103 0.00499999990903292  0.0050000000139472  0.0298318668942989
0.1035 0.00499999990756167  0.00500000001402858  0.0297903821922804
0.104 0.00499999990609583  0.00500000001410365  0.0297488201004257
0.1045 0.0049999999046793  0.00500000001416362  0.0297071659105063
0.105 0.00499999990320082  0.00500000001422726  0.0296654167453461
0.1055 0.0049999999016684  0.00500000001429316  0.0296235876790665
0.106 0.00499999990013845  0.00500000001435226  0.029581684113876
0.1065 0.00499999989866017  0.00500000001439633  0.0295396910190263
0.107 0.00499999989713472  0.00500000001444186  0.0294976057765447
0.1075 0.00499999989554263  0.00500000001449066  0.0294554440204141
0.108 0.00499999989397244  0.00500000001453019  0.0294132098664587
0.1085 0.00499999989243447  0.00500000001455717  0.0293708885666701
0.109 0.00499999989084275  0.00500000001458633  0.0293284774612642
0.1095 0.00499999988916053  0.00500000001462055  0.0292859938156802
0.11 0.0049999998875414  0.00500000001464049  0.029243439210195
0.1105 0.00499999988593961  0.00500000001464964  0.0292007994965802
0.111 0.00499999988429669  0.0050000000146584  0.0291580733841579
0.1115 0.00499999988254252  0.00500000001467493  0.0291152790133117
0.112 0.00499999988087673  0.00500000001467414  0.0290724141138297
0.1125 0.00499999987923727  0.00500000001466176  0.0290294653641101
0.113 0.00499999987750417  0.00500000001465531  0.0289864335952503
0.1135 0.00499999987569948  0.00500000001465044  0.0289433381028275
0.114 0.00499999987393839  0.00500000001463381  0.0289001724794355
0.1145 0.00499999987224427  0.00500000001460087  0.0288569243329837
0.115 0.00499999987043431  0.00500000001457578  0.0288135971241419
0.1155 0.00499999986855226  0.00500000001455143  0.0287702111530902
0.116 0.00499999986681064  0.00500000001450433  0.028726753125816
0.1165 0.00499999986504626  0.00500000001445191  0.0286832144937979
0.117 0.00499999986316488  0.00500000001440623  0.0286396008258737
0.1175 0.00499999986123089  0.00500000001435856  0.028595932170583
0.118 0.0049999998593691  0.00500000001429638  0.0285521911715291
0.1185 0.00499999985752551  0.00500000001422445  0.0285083705155922
0.119 0.00499999985555853  0.00500000001415885  0.0284644809958152
0.1195 0.00499999985354687  0.00500000001408995  0.0284205373830894
0.12 0.00499999985163162  0.00500000001400328  0.0283765214949983
0.1205 0.00499999984966202  0.0050000000139152  0.0283324277044134
0.121 0.00499999984759438  0.00500000001382875  0.0282882723519377
0.1215 0.00499999984558392  0.00500000001372985  0.0282440604285517
0.122 0.00499999984361625  0.00500000001361782  0.0281997759450687
0.1225 0.00499999984156425  0.00500000001350657  0.0281554171392924
0.123 0.00499999983942029  0.00500000001339556  0.0281110040734289
0.1235 0.00499999983737593  0.00500000001326933  0.0280665316456467
0.124 0.00499999983541915  0.00500000001312625  0.0280219866767742
0.1245 0.00499999983329343  0.0050000000129903  0.0279773724208817
0.125 0.00499999983111453  0.00500000001284919  0.0279327107462259
0.1255 0.00499999982906188  0.00500000001269019  0.0278879845259682
0.126 0.00499999982700815  0.00500000001252238  0.0278431860484208
0.1265 0.00499999982480624  0.00500000001235864  0.0277983251988372
0.127 0.00499999982256933  0.00500000001218896  0.027753417817647
0.1275 0.00499999982044208  0.00500000001200182  0.0277084453291136
0.128 0.00499999981825064  0.00500000001181065  0.0276634016275676
0.1285 0.00499999981592837  0.00500000001161908  0.0276183048543222
0.129 0.00499999981367401  0.00500000001141394  0.0275731577055334
0.1295 0.00499999981146869  0.00500000001119489  0.0275279439479064
0.13 0.00499999980913049  0.00500000001097474  0.0274826639317233
0.1305 0.00499999980672088  0.00500000001074825  0.027437339287719
0.131 0.00499999980446271  0.00500000001050244  0.0273919579935894
0.1315 0.00499999980224471  0.00500000001024263  0.0273465097176337
0.132 0.00499999979987378  0.00500000000998045  0.0273010018231257
0.1325 0.00499999979746023  0.0050000000097082  0.0272554523284401
0.133 0.00499999979517976  0.00500000000941651  0.0272098429337489
0.1335 0.00499999979283308  0.00500000000911575  0.0271641666678566
0.134 0.00499999979034484  0.00500000000880754  0.027118441322151
0.1345 0.00499999978793081  0.00500000000848191  0.0270726703099842
0.135 0.00499999978559893  0.00500000000813713  0.0270268369081562
0.1355 0.00499999978311872  0.00500000000778344  0.0269809415046819
0.136 0.00499999978050215  0.00500000000741751  0.0269350066104284
0.1365 0.0049999997781064  0.00500000000702717  0.0268890186141433
0.137 0.00499999977575028  0.00500000000661766  0.026842967508195
0.1375 0.00499999977321308  0.00500000000619629  0.0267968626188172
0.138 0.00499999977064686  0.00500000000575589  0.0267507195495077
0.1385 0.00499999976823123  0.00500000000529157  0.0267045188535931
0.139 0.00499999976572102  0.00500000000481105  0.0266582564524174
0.1395 0.00499999976303413  0.00500000000431322  0.026611952026623
0.14 0.00499999976052089  0.00500000000379165  0.026565602723383
0.1405 0.0049999997580883  0.00500000000324763  0.0265191936442287
0.141 0.004999999755406  0.00500000000268711  0.0264727286636266
0.1415 0.00499999975269835  0.00500000000210492  0.0264262296521821
0.142 0.00499999975020057  0.00500000000149965  0.0263796779814771
0.1425 0.00499999974765898  0.00500000000087406  0.0263330648795487
0.143 0.00499999974492943  0.00500000000022787  0.0262864083089754
0.1435 0.00499999974230762  0.00499999999956004  0.0262397133850194
0.144 0.0049999997396981  0.00499999999887148  0.0261929622888655
0.1445 0.00499999973704519  0.00499999999816331  0.0261461550376473
0.145 0.0049999997342862  0.00499999999743307  0.0260993151284795
0.1455 0.00499999973173562  0.00499999999668442  0.0260524264044887
0.146 0.00499999972920499  0.00499999999591722  0.0260054800916249
0.1465 0.00499999972640136  0.00499999999512696  0.0259584881367117
0.147 0.00499999972369645  0.00499999999431815  0.0259114624513896
0.1475 0.00499999972111618  0.004999999993493  0.0258643839885546
0.148 0.00499999971840547  0.00499999999264755  0.0258172498034049
0.1485 0.00499999971555449  0.00499999999177838  0.0257700833587114
0.149 0.00499999971295359  0.00499999999089867  0.0257228731308203
0.1495 0.00499999971038119  0.00499999999000223  0.025675607053293
0.15 0.00499999970757374  0.00499999998908106  0.0256282955154169
0.1505 0.00499999970452429  0.00499999998813226  0.0255809536640192
0.151 0.00499999970186881  0.00499999998718164  0.0255335618179054
0.1515 0.00499999969907436  0.00499999998620958  0.0254861160232489
0.152 0.00499999969603153  0.00499999998520812  0.0254386384864742
0.1525 0.00499999969329919  0.00499999998420529  0.0253911214591884
0.153 0.00499999969062665  0.00499999998318954  0.0253435510675711
0.1535 0.00499999968760608  0.00499999998213963  0.0252959356713976
0.154 0.00499999968456821  0.00499999998107198  0.0252482923261453
0.1545 0.00499999968179083  0.00499999998000403  0.025200600994089
0.155 0.00499999967887055  0.00499999997891287  0.0251528574037526
0.1555 0.00499999967566816  0.00499999997778625  0.0251050838917785
0.156 0.00499999967281782  0.00499999997666866  0.0250572726944355
0.1565 0.00499999967000878  0.00499999997553947  0.0250094095521426
0.157 0.00499999966693072  0.00499999997437623  0.0249615040883561
0.1575 0.00499999966377567  0.00499999997319151  0.0249135720005554
0.158 0.00499999966086732  0.00499999997201206  0.0248655930849353
0.1585 0.00499999965776119  0.00499999997080354  0.0248175635424304
0.159 0.00499999965445783  0.00499999996956276  0.0247695072192507
0.1595 0.00499999965143609  0.00499999996833282  0.0247214126739982
0.16 0.00499999964848671  0.00499999996709587  0.0246732672410402
0.1605 0.00499999964518069  0.00499999996581245  0.0246250825347055
0.161 0.00499999964196109  0.00499999996452366  0.0245768717416619
0.1615 0.00499999963896794  0.00499999996324365  0.0245286149980596
0.162 0.00499999963573683  0.00499999996192769  0.0244803108448949
0.1625 0.00499999963234974  0.00499999996058076  0.0244319831485622
0.163 0.00499999962924468  0.00499999995925133  0.0243836160021165
0.1635 0.00499999962612927  0.00499999995790884  0.0243351986269285
0.164 0.00499999962262005  0.0049999999565096  0.0242867472456911
0.1645 0.00499999961931444  0.00499999995512102  0.0242382691946497
0.165 0.00499999961620431  0.00499999995374344  0.0241897455954047
0.1655 0.00499999961276498  0.00499999995231543  0.0241411775346861
0.166 0.00499999960923292  0.00499999995086286  0.0240925885180213
0.1665 0.00499999960605379  0.00499999994944313  0.0240439596096732
0.167 0.00499999960282067  0.0049999999480062  0.0239952818740666
0.1675 0.00499999959913865  0.0049999999464984  0.0239465753189844
0.168 0.0049999995958427  0.00499999994503038  0.0238978400177286
0.1685 0.00499999959258689  0.00499999994355753  0.0238490591537685
0.169 0.00499999958898262  0.00499999994202626  0.0238002373502049
0.1695 0.00499999958520155  0.00499999994045818  0.0237513956084003
0.17 0.00499999958178834  0.00499999993893255  0.0237025131456981
0.1705 0.00499999957810698  0.0049999999373586  0.0236535843310824
0.171 0.00499999957404462  0.00499999993571609  0.0236046325608289
0.1715 0.00499999957044056  0.00499999993413281  0.0235556500533713
0.172 0.00499999956690756  0.00499999993255095  0.0235066215362808
0.1725 0.0049999995629  0.00499999993088601  0.0234575584309977
0.173 0.0049999995589285  0.0049999999292167  0.0234084742671054
0.1735 0.00499999955527324  0.00499999992758888  0.0233593483633557
0.174 0.00499999955129092  0.00499999992589943  0.023310179759942
0.1745 0.00499999954705801  0.00499999992415797  0.0232609934950762
0.175 0.00499999954325423  0.00499999992247975  0.023211772057123
0.1755 0.00499999953920559  0.00499999992075218  0.0231625037106922
0.176 0.00499999953470136  0.00499999991893692  0.0231132092642272
0.1765 0.00499999953058207  0.00499999991717991  0.0230638894911464
0.177 0.00499999952657132  0.00499999991543454  0.0230145276263585
0.1775 0.0049999995222057  0.00499999991361848  0.0229651284896155
0.178 0.00499999951780175  0.00499999991178695  0.0229157115914866
0.1785 0.004999999513705  0.00499999991000397  0.0228662564612813
0.179 0.00499999950935984  0.00499999990816841  0.0228167586557077
0.1795 0.00499999950462321  0.00499999990625071  0.0227672428492566
0.18 0.00499999950040788  0.00499999990442414  0.0227176964726267
0.1805 0.00499999949614906  0.00499999990258297  0.0226681062848177
0.181 0.00499999949127834  0.00499999990061638  0.022618488164914
0.1815 0.0049999994866113  0.00499999989868179  0.0225688494549577
0.182 0.00499999948220733  0.00499999989679278  0.0225191709980287
0.1825 0.00499999947737521  0.00499999989481253  0.0224694551116977
0.183 0.00499999947246632  0.00499999989280921  0.0224197237085393
0.1835 0.00499999946805442  0.00499999989090058  0.0223699563379872
0.184 0.00499999946326118  0.00499999988890858  0.0223201468103667
0.1845 0.00499999945805969  0.00499999988682458  0.0222703190206654
0.185 0.00499999945317445  0.00499999988480024  0.0222204647303311
0.1855 0.00499999944859121  0.00499999988283441  0.0221705685832148
0.186 0.00499999944331855  0.00499999988071664  0.0221206442755844
0.1865 0.00499999943832114  0.00499999987865162  0.0220707014693096
0.187 0.00499999943361245  0.00499999987664361  0.0220207205981834
0.1875 0.00499999942839915  0.00499999987452142  0.0219707027861184
0.188 0.00499999942310145  0.00499999987237386  0.0219206710257531
0.1885 0.0049999994182775  0.00499999987032635  0.0218706051239219
0.189 0.0049999994130497  0.00499999986818466  0.0218204986959291
0.1895 0.00499999940735285  0.00499999986593113  0.0217703753124103
0.19 0.00499999940198699  0.00499999986374733  0.0217202270946008
0.1905 0.00499999939713892  0.00499999986167742  0.0216700382428051
0.191 0.00499999939132142  0.00499999985938096  0.0216198230575476
0.1915 0.00499999938570848  0.00499999985712657  0.0215695909129281
0.192 0.00499999938048116  0.00499999985495739  0.0215193217905975
0.1925 0.00499999937473616  0.00499999985266371  0.0214690175224829
0.193 0.00499999936888035  0.00499999985033859  0.0214187009328406
0.1935 0.0049999993635195  0.00499999984812665  0.0213683512427258
0.194 0.00499999935780194  0.00499999984582636  0.0213179622233518
0.1945 0.00499999935166504  0.00499999984342027  0.0212675583939208
0.195 0.00499999934624962  0.00499999984118393  0.0212171289604735
0.1955 0.00499999934071756  0.00499999983891592  0.0211666589648217
0.196 0.00499999933466777  0.00499999983651751  0.0211161660683165
0.1965 0.00499999932894283  0.00499999983419454  0.0210656553987229
0.197 0.00499999932352984  0.00499999983194491  0.0210151085208226
0.1975 0.00499999931760196  0.00499999982956459  0.0209645294368828
0.198 0.00499999931161572  0.00499999982716483  0.0209139380279518
0.1985 0.00499999930611679  0.00499999982488352  0.0208633140280338
0.199 0.00499999930026739  0.00499999982251128  0.0208126526845137
0.1995 0.00499999929403302  0.00499999982003668  0.0207619802969631
0.2 0.0049999992883392  0.00499999981769627  0.0207112809816712
0.2005 0.0049999992826097  0.00499999981534399  0.0206605417041242
0.201 0.0049999992762216  0.00499999981281868  0.0206097850421706
0.2015 0.00499999927014161  0.00499999981036864  0.0205590099770468
0.202 0.00499999926455981  0.00499999980804475  0.0205081987400326
0.2025 0.00499999925814703  0.00499999980550163  0.0204573606306809
0.203 0.00499999925176238  0.00499999980296154  0.020406510528777
0.2035 0.00499999924581902  0.00499999980053432  0.0203556271768129
0.204 0.00499999923910595  0.0049999997979014  0.020304711091098
0.2045 0.0049999992321104  0.00499999979518843  0.020253785709414
0.205 0.00499999922580573  0.00499999979265637  0.0202028303371668
0.2055 0.00499999921899293  0.004999999789986  0.0201518380938709
0.206 0.00499999921163401  0.00499999978716465  0.0201008336791821
0.2065 0.00499999920515953  0.00499999978457794  0.0200498067582853
0.207 0.00499999919861172  0.00499999978196897  0.019998742018264
0.2075 0.00499999919125415  0.004999999779136  0.0199476582082663
0.208 0.00499999918423639  0.00499999977639175  0.0198965597719855
0.2085 0.00499999917753208  0.00499999977373008  0.0198454277978899
0.209 0.00499999916998342  0.00499999977083398  0.0197942679100182
0.2095 0.00499999916252705  0.00499999976795918  0.0197430984187531
0.21 0.00499999915555603  0.00499999976521532  0.019691897507305
0.2105 0.0049999991480156  0.00499999976231098  0.0196406641546887
0.211 0.00499999914010849  0.00499999975929974  0.0195894233531404
0.2115 0.00499999913349913  0.0049999997566483  0.0195381555111892
0.212 0.00499999912560055  0.00499999975363266  0.0194868527131423
0.2125 0.0049999991171145  0.00499999975044708  0.0194355391807745
0.213 0.00499999910956209  0.00499999974752101  0.0193842055055379
0.2135 0.00499999910191606  0.00499999974456579  0.0193328360321001
0.214 0.00499999909340885  0.00499999974136238  0.0192814482703202
0.2145 0.0049999990852991  0.00499999973826772  0.0192300477805978
0.215 0.00499999907743907  0.00499999973524125  0.0191786153567791
0.2155 0.0049999990688393  0.00499999973199997  0.0191271567562264
0.216 0.00499999906035411  0.0049999997287869  0.0190756903538887
0.2165 0.00499999905270427  0.00499999972581118  0.0190241942439154
0.217 0.00499999904405247  0.00499999972254327  0.0189726676572648
0.2175 0.00499999903506612  0.00499999971917368  0.0189211358795016
0.218 0.00499999902684718  0.00499999971602309  0.0188695781487021
0.2185 0.00499999901793006  0.00499999971266673  0.0188179867319843
0.219 0.0049999990082361  0.00499999970907894  0.0187663871196608
0.2195 0.00499999899962156  0.00499999970580272  0.0187147680169043
0.22 0.00499999899092712  0.0049999997025006  0.0186631148290958
0.2205 0.00499999898111311  0.00499999969886511  0.0186114472606602
0.221 0.00499999897192174  0.00499999969540905  0.0185597665778377
0.2215 0.00499999896330301  0.00499999969211905  0.0185080549088032
0.222 0.00499999895348631  0.00499999968847102  0.0184563210444243
0.2225 0.0049999989438208  0.00499999968486311  0.0184045798653041
0.223 0.00499999893486887  0.0049999996814641  0.018352809868552
0.2235 0.00499999892493803  0.00499999967777048  0.0183010126244112
0.224 0.00499999891473058  0.00499999967398944  0.0182492116395827
0.2245 0.00499999890519658  0.00499999967040693  0.0181973850639117
0.225 0.00499999889508762  0.00499999966664949  0.0181455275241674
0.2255 0.00499999888408558  0.00499999966261785  0.0180936662273972
0.226 0.004999998874279  0.00499999965894367  0.0180417841087801
0.2265 0.00499999886383041  0.00499999965507299  0.0179898692911282
0.227 0.00499999885242384  0.00499999965090805  0.0179379457179346
0.2275 0.00499999884214983  0.00499999964708344  0.0178860089646463
0.228 0.00499999883183405  0.00499999964324376  0.0178340401996943
0.2285 0.00499999882029112  0.00499999963902712  0.0177820561647834
0.229 0.00499999880941606  0.00499999963501044  0.0177300637406747
0.2295 0.00499999879885855  0.00499999963108832  0.0176780435105039
0.23 0.00499999878741905  0.00499999962689377  0.0176260009762169
0.2305 0.00499999877604122  0.00499999962271459  0.0175739541542447
0.231 0.00499999876550368  0.00499999961879122  0.0175218815810373
0.2315 0.00499999875401001  0.0049999996145713  0.0174697833880392
0.232 0.00499999874219509  0.00499999961024851  0.0174176830995349
0.2325 0.00499999873136364  0.00499999960622744  0.0173655598540513
0.233 0.00499999872010912  0.00499999960207389  0.0173134080573343
0.2335 0.00499999870801639  0.00499999959765661  0.0172612540022963
0.234 0.00499999869676139  0.00499999959349734  0.0172090818604272
0.2345 0.00499999868527083  0.00499999958926363  0.017156879139287
0.235 0.00499999867267531  0.0049999995846827  0.0171046696077233
0.2355 0.00499999866134321  0.00499999958049415  0.0170524491456031
0.236 0.00499999864992771  0.00499999957627877  0.0170001984972907
0.2365 0.00499999863707025  0.00499999957160973  0.0169479348705745
0.237 0.00499999862494602  0.00499999956716846  0.0168956647627962
0.2375 0.00499999861330809  0.00499999956287926  0.0168433681832329
0.238 0.00499999860041609  0.00499999955819458  0.0167910519258182
0.2385 0.0049999985874772  0.0049999995534926  0.0167387333837078
0.239 0.00499999857527409  0.0049999995490223  0.0166863901800896
0.2395 0.00499999856175813  0.00499999954413717  0.0166340234415659
0.24 0.00499999854800532  0.00499999953917464  0.0165816564964645
0.2405 0.00499999853550227  0.00499999953460655  0.0165292672104245
0.241 0.00499999852181703  0.00499999952966371  0.0164768511184453
0.2415 0.0049999985068402  0.00499999952430886  0.016424435530611
0.242 0.00499999849350459  0.00499999951947574  0.016372000504461
0.2425 0.00499999847945719  0.00499999951441721  0.0163195365932167
0.243 0.00499999846410525  0.00499999950894201  0.0162670694008308
0.2435 0.00499999845030764  0.00499999950396362  0.0162145885527541
0.244 0.00499999843639126  0.0049999994989486  0.0161620781963436
0.2445 0.00499999842092193  0.00499999949343714  0.0161095585552339
0.245 0.00499999840624356  0.00499999948817958  0.0160570311091826
0.2455 0.00499999839202758  0.00499999948307226  0.0160044755911958
0.246 0.00499999837602125  0.00499999947739132  0.0159519044958415
0.2465 0.00499999836079253  0.00499999947196127  0.015899328613294
0.247 0.00499999834631921  0.00499999946677605  0.0158467271192182
0.2475 0.00499999833011095  0.00499999946103491  0.0157941044202933
0.248 0.00499999831395882  0.00499999945531299  0.0157414798353163
0.2485 0.00499999829906374  0.00499999944999926  0.0156888307936786
0.249 0.00499999828277619  0.00499999944423882  0.0156361569833371
0.2495 0.00499999826712665  0.00499999943868773  0.0155834820960848
0.25 0.00499999825120182  0.00499999943304865  0.0155307846436038
