#
0.0005 1.09219413634098e-10 -1.12611367900682e-10 -0.0015656824181873
0.001 1.40569344459932e-10 -1.22330965255094e-10 -0.00224665352402505
0.0015 1.67836017150111e-10 -1.16890990671645e-10 -0.00289116964370059
0.002 1.4492176281632e-10 -1.25186793623553e-10 -0.0035217867945944
0.0025 1.28139933284719e-10 -1.39616064018417e-10 -0.00414679168864795
0.003 1.31618166998168e-10 -1.41910130270828e-10 -0.00476694742800032
0.0035 1.34046649707779e-10 -1.42528610056788e-10 -0.00538341754296664
0.004 1.35791509802623e-10 -1.42751692509834e-10 -0.00599692989658784
0.0045 1.42222439610371e-10 -1.37824166598965e-10 -0.00660807976030752
0.005 1.46616862343492e-10 -1.33872635207885e-10 -0.00721875827602445
0.0055 1.34679939422736e-10 -1.47411001201274e-10 -0.00782636779240003
0.006 1.2494186936247e-10 -1.58490904221668e-10 -0.00843128861123303
0.0065 1.31982334810611e-10 -1.51609903221232e-10 -0.00903502770239112
0.007 1.36644406663077e-10 -1.47157113640563e-10 -0.00963906322090457
0.0075 1.36142327012202e-10 -1.47678673406152e-10 -0.0102447122405235
0.008 1.37407073504281e-10 -1.46068379938917e-10 -0.0108499539241828
0.0085 1.36140434675486e-10 -1.46470041173634e-10 -0.0114515428680173
0.009 1.31218057512289e-10 -1.50533704585713e-10 -0.0120603210121906
0.0095 1.24601141518896e-10 -1.56274944344845e-10 -0.0126625952231534
0.01 1.24149735229044e-10 -1.54526915207492e-10 -0.0132597695656313
0.0105 1.26596161549524e-10 -1.52075149409012e-10 -0.013851634009006
0.011 1.36903718724299e-10 -1.42791597758369e-10 -0.0144396566090213
0.0115 1.36167317269558e-10 -1.4240719264848e-10 -0.0150261269690761
0.012 1.34022850625167e-10 -1.40135825969819e-10 -0.0156122013424779
0.0125 1.30483143814972e-10 -1.45507775022896e-10 -0.0162015477432716
0.013 1.27905629912634e-10 -1.43245506155631e-10 -0.0167866795923601
0.0135 1.22959246909614e-10 -1.48240924307904e-10 -0.0173646844103128
0.014 1.20998120671189e-10 -1.49177569264531e-10 -0.0179335969333704
0.0145 1.22352278372207e-10 -1.4737722515802e-10 -0.0184955310624942
0.015 1.18617589940098e-10 -1.49074189065875e-10 -0.0190576293562974
0.0155 1.15530475982321e-10 -1.45827771124363e-10 -0.0196162004510288
0.016 1.14441315968707e-10 -1.44239123520849e-10 -0.0201684696770131
0.0165 1.27552213303862e-10 -1.34894915999258e-10 -0.0207186757311747
0.017 1.07763108807255e-10 -1.438723826614e-10 -0.0212679940614406
0.0175 1.07451133997967e-10 -1.38260889484471e-10 -0.0218201136225497
0.018 1.01206715074087e-10 -1.38128070425544e-10 -0.0223796105787381
0.0185 8.76825142943856e-11 -1.41741254401638e-10 -0.0229413308534592
0.019 8.87478567465952e-11 -1.32492178107473e-10 -0.0235013072519009
0.0195 8.95483231761465e-11 -1.30305575185426e-10 -0.0240532289972217
0.02 8.40433509810206e-11 -1.3093701492092e-10 -0.02460335603295
0.0205 8.34275658818531e-11 -1.2865196822447e-10 -0.0251562900491623
0.021 7.36004238371297e-11 -1.25471953435371e-10 -0.0257078035436454
0.0215 5.8845327998317e-11 -1.3023957703007e-10 -0.026249301480835
0.022 6.91978487429746e-11 -1.30044969645381e-10 -0.0267789593396133
0.0225 6.41835270264535e-11 -1.24748361113669e-10 -0.0273107262950382
0.023 6.0269584230839e-11 -1.18849294950221e-10 -0.02783372471991
0.0235 4.21913828486283e-11 -1.20557654909881e-10 -0.0283495567535017
0.024 3.14890795520911e-11 -1.19393867484923e-10 -0.0288709603850577
0.0245 2.86740255641603e-11 -1.14514060123447e-10 -0.0294031148396904
0.025 2.54246065893443e-11 -1.07129729237127e-10 -0.0299362439370439
0.0255 6.98960272035382e-12 -1.0832512491441e-10 -0.0304673698626598
0.026 7.68401799406702e-12 -1.06126840462303e-10 -0.030992197047694
0.0265 -3.19737962916352e-12 -1.15995195652002e-10 -0.0315227275594691
0.027 -3.82835869823823e-13 -1.10217311935322e-10 -0.0320482405844933
0.0275 -1.05780774655388e-11 -1.00838899298975e-10 -0.0325546346627773
0.028 -2.56303217043515e-11 -9.49373268957626e-11 -0.0330625847824688
0.0285 -4.10457839064513e-11 -9.8251528055889e-11 -0.03356354010357
0.029 -4.06668845107443e-11 -8.52867589281475e-11 -0.0340541980763302
0.0295 -5.49084520521067e-11 -8.11716879677037e-11 -0.0345559751487879
0.03 -7.13131403854642e-11 -8.47720929041036e-11 -0.0350670045770522
0.0305 -8.16860473488145e-11 -8.55447147302149e-11 -0.0355769793980462
0.031 -8.26118677190758e-11 -7.56309748269297e-11 -0.0360800755612214
0.0315 -9.12463171943696e-11 -5.8385527538316e-11 -0.0365882031956399
0.032 -1.18344141157068e-10 -8.13364207011324e-11 -0.0370889972326196
0.0325 -1.28630499214292e-10 -7.27222938517224e-11 -0.0375762659036417
0.033 -1.28683665345844e-10 -7.77291137157014e-11 -0.0380577408000348
0.0335 -1.44966986530631e-10 -6.61810359527616e-11 -0.0385259609005946
0.034 -1.42221006032055e-10 -5.6375068985067e-11 -0.0390052413889482
0.0345 -1.72315466317174e-10 -5.1296504716244e-11 -0.039495408695175
0.035 -1.7301008773826e-10 -2.60628814741984e-11 -0.0399839518518611
0.0355 -1.75504882402812e-10 -2.60190425115491e-11 -0.0404672888215884
0.036 -1.93403652683771e-10 -1.89668881372331e-11 -0.0409594687897343
0.0365 -2.17343185499433e-10 -2.99627711534851e-11 -0.0414294014748299
0.037 -2.32153370004896e-10 -2.44113193600051e-11 -0.0418988726030326
0.0375 -2.41114777700114e-10 -9.5790533407551e-12 -0.0423523026803299
0.038 -2.41736897737938e-10 3.59056191539827e-12 -0.0428051506717211
0.0385 -2.63308663159942e-10 1.02896041627222e-11 -0.0432764623598687
0.039 -2.61281329783473e-10 5.37113211418081e-12 -0.0437476813610781
0.0395 -2.9002549382307e-10 1.88478412969078e-11 -0.0442113974848173
0.04 -3.1858370775203e-10 2.7104394692852e-12 -0.0446863552132535
0.0405 -3.27709769699598e-10 7.51434516010737e-12 -0.0451324468850191
0.041 -3.38520979479659e-10 1.58312368763025e-11 -0.045581513648385
0.0415 -3.33970050430923e-10 5.26047466250919e-11 -0.0460078157929302
0.042 -3.54850780558559e-10 6.09653824857597e-11 -0.0464537328022015
0.0425 -3.79646611883832e-10 3.36002009230353e-11 -0.0469106888518275
0.043 -3.96704417400682e-10 3.90219258759934e-11 -0.0473556498219344
0.0435 -3.86690852729852e-10 7.50226541697776e-11 -0.0478092350378194
0.044 -4.01774499674182e-10 9.00492544627993e-11 -0.0482434496347335
0.0445 -4.18530296310634e-10 1.15392567352655e-10 -0.0486760599492191
0.045 -4.25374903252351e-10 1.29779966060052e-10 -0.0490871040143326
0.0455 -4.28163679721864e-10 1.37736808575621e-10 -0.04951271776684
0.046 -4.74938557526879e-10 1.09653240179236e-10 -0.0499484920264033
0.0465 -4.96915040042983e-10 1.08776196558658e-10 -0.0503786599933348
0.047 -4.93564155146743e-10 1.29806128961108e-10 -0.0508201655226067
0.0475 -5.18360035377673e-10 1.28864897926041e-10 -0.0512383523485848
0.048 -5.36270346463151e-10 1.40463505241559e-10 -0.0516477357832051
0.0485 -5.72959566268037e-10 1.2897424096076e-10 -0.0520370540862321
0.049 -5.8170270090894e-10 1.4977735902681e-10 -0.0524505040623537
0.0495 -5.75195274058237e-10 1.87776952853194e-10 -0.0528690032115356
0.05 -5.79420980787488e-10 2.00027993324307e-10 -0.0532899702074407
0.0505 -6.09018248717192e-10 1.96818393917413e-10 -0.0536945392154509
0.051 -6.49657494002996e-10 1.74440991322494e-10 -0.0540976135543513
0.0515 -6.52125063091924e-10 2.02191775799265e-10 -0.0544710077616702
0.052 -6.53481166940464e-10 2.15725476490359e-10 -0.0548590321844445
0.0525 -6.62476774588064e-10 2.25948968817991e-10 -0.0552696232989398
0.053 -7.15541640296145e-10 2.10865772911677e-10 -0.0556761760226826
0.0535 -7.20521312706267e-10 2.20585995227193e-10 -0.0560678891597257
0.054 -7.4438788292844e-10 2.22893209787401e-10 -0.0564547459222869
0.0545 -7.786878164623e-10 2.26290239996344e-10 -0.056808874249951
0.055 -7.48739523879778e-10 2.68270545178176e-10 -0.0571810361006889
0.0555 -7.77695124689782e-10 2.71775103277871e-10 -0.0575756056964323
0.056 -7.65618333339927e-10 2.84815842075383e-10 -0.0579652636817441
0.0565 -8.06503081533516e-10 2.91688393161273e-10 -0.0583394776138148
0.057 -8.79372015837205e-10 2.78614001000986e-10 -0.0587090073836837
0.0575 -8.7863853789345e-10 2.86747083317071e-10 -0.0590522721199521
0.058 -9.010688364073e-10 2.94818542158651e-10 -0.0594191141433703
0.0585 -9.00177590721624e-10 3.02640552003473e-10 -0.0597912891448761
0.059 -9.09300659530224e-10 3.11678767040144e-10 -0.0601675235915659
0.0595 -9.5086205727559e-10 3.10706979246414e-10 -0.0605231663048324
0.06 -9.79864999794839e-10 3.06495679081253e-10 -0.0608633771693469
0.0605 -9.66151885251494e-10 3.17091699739279e-10 -0.0612045305628473
0.061 -9.76151163447747e-10 3.44450855814826e-10 -0.0615592663844109
0.0615 -9.98619788094739e-10 3.30761417037433e-10 -0.0619139549919086
0.062 -1.01994852334147e-09 3.20430958839847e-10 -0.0622686710167416
0.0625 -1.0943650323004e-09 3.31601028785663e-10 -0.0626116227279429
0.063 -1.08611831653566e-09 3.57228692528577e-10 -0.0629260574477586
0.0635 -1.04524558068467e-09 3.52848841237667e-10 -0.0632651018748436
0.064 -1.05337424466743e-09 3.60700854099885e-10 -0.0636027107661658
0.0645 -1.13467490324638e-09 3.78529210357109e-10 -0.0639567704340485
0.065 -1.0916798454907e-09 4.03092708332309e-10 -0.0642887637718811
0.0655 -1.1488903789683e-09 4.04677080994639e-10 -0.0645845790715298
0.066 -1.10454198520188e-09 3.86690511639085e-10 -0.0649145213492487
0.0665 -1.16535992642112e-09 3.84412392826161e-10 -0.065237918442566
0.067 -1.21116247910399e-09 3.82636801241854e-10 -0.0655763016189219
0.0675 -1.27621215968582e-09 3.84878011178528e-10 -0.0658939722276269
0.068 -1.30764581994436e-09 3.77919166719886e-10 -0.0661815619381186
0.0685 -1.29150740625103e-09 3.96916321315785e-10 -0.0664903283805627
0.069 -1.34747456041169e-09 4.02009297367706e-10 -0.0668080689048114
0.0695 -1.35688377675862e-09 4.15693892578074e-10 -0.0671371324202591
0.07 -1.39790231921007e-09 4.14123647045892e-10 -0.0674415128617678
0.0705 -1.38838887237663e-09 4.05683171575338e-10 -0.0677136563762032
0.071 -1.4664238673958e-09 4.17388178757006e-10 -0.0680118522834149
0.0715 -1.47182244078312e-09 4.12104084629843e-10 -0.0683163095373668
0.072 -1.28096225992464e-09 3.89693684168762e-10 -0.0686362058977555
0.0725 -1.31671633935831e-09 3.92402848919406e-10 -0.0689309288364746
0.073 -1.46694869943716e-09 4.24178826284989e-10 -0.0691889451333166
0.0735 -1.53103240218141e-09 4.04872012420255e-10 -0.06947502145118
0.074 -1.46322164833975e-09 4.23692798841527e-10 -0.0697662473481177
0.0745 -1.45201123656726e-09 4.15848792644612e-10 -0.07006907693929
0.075 -1.54653387699735e-09 3.88219044291055e-10 -0.0703540897837341
0.0755 -1.61969605802259e-09 4.32281088767805e-10 -0.0706048417220422
0.076 -1.64221766466717e-09 4.16116074774083e-10 -0.0708834958243235
0.0765 -1.54771883544219e-09 4.03016323006125e-10 -0.0711641122518137
0.077 -1.59548221616825e-09 3.96068541932452e-10 -0.0714533248305007
0.0775 -1.66010812854622e-09 3.91266566748043e-10 -0.0717166583545821
0.078 -1.70439510633094e-09 3.65150120232495e-10 -0.0719609333701215
0.0785 -1.64080166696469e-09 3.7077072620946e-10 -0.0722409018101095
0.079 -1.58413300539095e-09 3.56199305731811e-10 -0.072521368879247
0.0795 -1.68853814136659e-09 3.90209117366622e-10 -0.0727906835566175
0.08 -1.74262150256765e-09 3.9597867530006e-10 -0.0730139664862996
0.0805 -1.75430748206041e-09 3.69984324384262e-10 -0.0732678267095942
0.081 -1.75079267961328e-09 3.55472174679994e-10 -0.0735299826464579
0.0815 -1.75750421034418e-09 3.75092410721e-10 -0.0738011306716036
0.082 -1.75373482290104e-09 3.58993142888345e-10 -0.0740540827077665
0.0825 -1.90846396300406e-09 4.24604907703524e-10 -0.074276138582303
0.083 -1.97857567405907e-09 4.06355807382161e-10 -0.0745228911920424
0.0835 -2.08661097751413e-09 4.15851289327594e-10 -0.0747917454707505
0.084 -2.05620828118191e-09 3.93448868261777e-10 -0.0750406434587075
0.0845 -2.03399709731108e-09 3.8413887394295e-10 -0.0752469012671492
0.085 -2.01175324715476e-09 3.84956963499844e-10 -0.07548320305043
0.0855 -2.03634685133762e-09 3.77385511730639e-10 -0.0757338707482602
0.086 -2.1545926296188e-09 3.86461283995906e-10 -0.0759787877761543
0.0865 -2.08713023834364e-09 3.57711084823571e-10 -0.0762093093602918
0.087 -2.18275124344364e-09 3.80846766985695e-10 -0.0764092181986348
0.0875 -2.12029798997095e-09 3.69694357683869e-10 -0.0766528199191355
0.088 -1.90263376593304e-09 3.24745551554423e-10 -0.0769053533980104
0.0885 -2.14008313844767e-09 3.52328514383336e-10 -0.0771355004676269
0.089 -2.23977078332031e-09 3.52741457146151e-10 -0.0773223024219712
0.0895 -2.126001055574e-09 3.37182893536199e-10 -0.0775500383143865
0.09 -1.99447537877233e-09 2.92459398636866e-10 -0.0777904193359981
0.0905 -2.25580550309284e-09 3.39326653032716e-10 -0.0780088954639356
0.091 -2.37667719285145e-09 3.48780263774118e-10 -0.0781934227925098
0.0915 -2.32316990559594e-09 3.23822515652649e-10 -0.0784066546897158
0.092 -2.38408187042462e-09 3.14685749505467e-10 -0.0786329898178101
0.0925 -2.40530472961533e-09 3.14181132345587e-10 -0.0788563191948659
0.093 -2.54882658322504e-09 3.39814054485878e-10 -0.0790536347879726
0.0935 -1.92140791694524e-09 1.92656926708104e-10 -0.0792369042685064
0.094 -2.34644646248233e-09 2.74103292407138e-10 -0.0794565662307222
0.0945 -2.47802621672224e-09 2.98470409750913e-10 -0.0796787084146373
0.095 -2.5496516732029e-09 2.8315866124253e-10 -0.0798859067791832
0.0955 -2.58074616683339e-09 2.90732063529833e-10 -0.0800532496142941
0.096 -2.54729465432991e-09 2.7120791950779e-10 -0.0802592796606036
0.0965 -2.35643535148603e-09 2.2663691230911e-10 -0.0804852830382062
0.097 -2.73362911544111e-09 2.97688969822452e-10 -0.0806742991671382
0.0975 -2.35188348762039e-09 2.04709570501896e-10 -0.0808363161200564
0.098 -2.64186557585836e-09 2.51864129248576e-10 -0.0810300464801465
0.0985 -2.5704253755925e-09 2.22649240405019e-10 -0.0812473981372082
0.099 -2.58129785240529e-09 2.15403734686916e-10 -0.0814454616613567
0.0995 -3.11290059626739e-09 2.74778799485541e-10 -0.0815970464724013
0.1 -2.57842754229344e-09 1.84477366561064e-10 -0.0817910078126423
0.1005 -2.67996757323798e-09 1.73167726936686e-10 -0.0819947272126914
0.101 -2.78720445961351e-09 1.90465017097001e-10 -0.0821820371760662
0.1015 -3.01771789111899e-09 2.19287555732749e-10 -0.0823277002082795
0.102 -2.97315719163528e-09 2.0737109403594e-10 -0.0825149509447003
0.1025 -3.06973785884427e-09 1.91581452076145e-10 -0.0827123173469656
0.103 -3.02854512938783e-09 1.84618398034504e-10 -0.0828974402266851
0.1035 -3.27449288889207e-09 2.11056301138012e-10 -0.0830375949185212
0.104 -2.84909832897524e-09 1.36220579423768e-10 -0.0832129695846198
0.1045 -3.22028113342419e-09 1.67835784367004e-10 -0.083404004148237
0.105 -3.14395875558258e-09 1.41201496182202e-10 -0.0835870313568462
0.1055 -3.38989650271715e-09 1.73965822306135e-10 -0.0837230298494951
0.106 -2.9755165505268e-09 1.11721127730779e-10 -0.0838935007007646
0.1065 -3.26250116052908e-09 1.33808901561257e-10 -0.0840822360191003
0.107 -3.13496840494432e-09 1.02025393521312e-10 -0.0842542436788495
0.1075 -3.42144710873029e-09 1.18176974403844e-10 -0.0843842864354637
0.108 -3.159317274355e-09 8.40779093737941e-11 -0.0845559324052729
0.1085 -3.17091298180592e-09 7.30999649079083e-11 -0.0847390151039869
0.109 -3.11446513848433e-09 4.19018692624922e-11 -0.0849069122921208
0.1095 -3.88860744805839e-09 1.28248374352187e-10 -0.0850286112109562
0.11 -3.23010430665588e-09 2.33446685873293e-11 -0.0851906249556137
0.1105 -2.94303816996781e-09 -3.60614412850755e-11 -0.0853693497819554
0.111 -3.53592463970236e-09 2.62782080259036e-11 -0.0855353972366826
0.1115 -3.26021392096282e-09 -4.59016738134278e-12 -0.0856535828665749
0.112 -3.41995208477227e-09 8.3090901955018e-12 -0.0858093412804099
0.1125 -3.20141041009283e-09 -3.0964970201373e-11 -0.0859889556525659
0.113 -3.43158574374397e-09 -9.44535301846949e-12 -0.0861368762826896
0.1135 -3.52533601316837e-09 -2.8590018334231e-11 -0.0862540496355697
0.114 -3.31768145234506e-09 -7.53035571341207e-11 -0.0864077460105541
0.1145 -3.5021003211426e-09 -7.07473514566868e-11 -0.0865700207781275
0.115 -3.74518024106435e-09 -5.48115051498148e-11 -0.0867197322544863
0.1155 -3.4611115144444e-09 -9.08422284666086e-11 -0.08682007474443
0.116 -4.50144776015316e-09 5.12565040246855e-13 -0.0869880841648572
0.1165 -3.90675891908541e-09 -6.75387153708891e-11 -0.0871499988116805
0.117 -3.78968289529547e-09 -1.15160750654892e-10 -0.0872762826488395
0.1175 -3.80517206774859e-09 -1.02375720819574e-10 -0.0874144322052195
0.118 -4.01668949766016e-09 -9.26081786572753e-11 -0.0875608767002875
0.1185 -3.78443518959526e-09 -1.21652643963201e-10 -0.0877257025753216
0.119 -4.27977304141745e-09 -9.11335469750064e-11 -0.0878263772600217
0.1195 -3.9674093451201e-09 -1.37999899583111e-10 -0.0879664832246023
0.12 -3.33524042719592e-09 -2.1160148653863e-10 -0.0881266500186041
0.1205 -4.11069978554747e-09 -1.51521665719425e-10 -0.0882650843698816
0.121 -4.4371782808228e-09 -1.48560870159222e-10 -0.0883592678889788
0.1215 -3.89786498797161e-09 -2.2264339856686e-10 -0.0884967245872617
0.122 -4.27134472274384e-09 -2.08224459667608e-10 -0.0886525866486255
0.1225 -4.63937524982635e-09 -1.85600011548537e-10 -0.0887848934033587
0.123 -4.40206010432117e-09 -2.19035962349341e-10 -0.0888789485202133
0.1235 -4.23393265082849e-09 -2.56167276945259e-10 -0.0890104822005683
0.124 -4.27080755213378e-09 -2.74195950805751e-10 -0.0891527357340067
0.1245 -4.17237710854302e-09 -3.01108040779678e-10 -0.0892769241372427
0.125 -3.935075469978e-09 -3.18243029516669e-10 -0.0893840306302799
0.1255 -4.31036286373063e-09 -3.06547294336459e-10 -0.0895198525367121
0.126 -3.90752132564945e-09 -3.37036818490018e-10 -0.0896679363530615
0.1265 -4.42398255828073e-09 -3.29743126812272e-10 -0.0897624458798088
0.127 -4.11828562490314e-09 -3.73855556075306e-10 -0.0898875508518629
0.1275 -4.20575288437816e-09 -3.84447834036608e-10 -0.0900328124234029
0.128 -4.63045014393921e-09 -3.65146225134232e-10 -0.0901546170278213
0.1285 -4.48519055931846e-09 -3.98884933625764e-10 -0.090233598804931
0.129 -4.52416710514927e-09 -4.23166400222857e-10 -0.0903552212235173
0.1295 -3.86473794460683e-09 -4.87172178903207e-10 -0.0905028128169442
0.13 -3.84444596194282e-09 -4.96594150017032e-10 -0.0906205526113636
0.1305 -4.28927809331627e-09 -5.04783059448995e-10 -0.0906835004166238
0.131 -4.03183643017484e-09 -5.48381894441477e-10 -0.0908175531561756
0.1315 -4.93357152976194e-09 -5.05352676937509e-10 -0.0909534056740205
0.132 -4.81365954121373e-09 -5.24781873147649e-10 -0.0910520212865511
0.1325 -4.54746826125823e-09 -5.72196017550232e-10 -0.0911572845121029
0.133 -3.75010200832174e-09 -6.3061797476629e-10 -0.0913037911063415
0.1335 -4.98956723557278e-09 -5.93661656725248e-10 -0.0914180863527063
0.134 -4.81887478743437e-09 -6.38287168756806e-10 -0.0914857867357212
0.1345 -4.82393944151182e-09 -6.66711126155488e-10 -0.0915983300359377
0.135 -4.5146096100623e-09 -7.10768748387929e-10 -0.0917368201671657
0.1355 -5.0352556343813e-09 -7.13449709038726e-10 -0.0918442289098
0.136 -3.91653535899474e-09 -7.93704183821183e-10 -0.0919065010048037
0.1365 -4.09130611233879e-09 -8.28776140197094e-10 -0.0920265163179511
0.137 -4.25661473377846e-09 -8.51022776838305e-10 -0.0921647756711683
0.1375 -5.68237944820128e-09 -8.6272800017867e-10 -0.0922395069770699
0.138 -5.23911777897719e-09 -9.11069697386093e-10 -0.0923436814089484
0.1385 -5.62278409674301e-09 -9.27121591483331e-10 -0.0924656134284801
0.139 -5.15861748182546e-09 -9.81386438656384e-10 -0.0925805887989247
0.1395 -5.67810136333221e-09 -1.0093038281767e-09 -0.0926478493139676
0.14 -5.33223292704491e-09 -1.04940909289422e-09 -0.0927523109342561
0.1405 -5.32223541930888e-09 -1.08981409477259e-09 -0.0928685326877344
0.141 -5.37721952675775e-09 -1.12853195700076e-09 -0.0929618674820523
0.1415 -4.77975498055258e-09 -1.18994671816029e-09 -0.0930567553374504
0.142 -4.47609501003386e-09 -1.2332959116083e-09 -0.0931692055033403
0.1425 -5.15280438925151e-09 -1.26930805612572e-09 -0.0932849467822977
0.143 -6.16652899445958e-09 -1.32485943184447e-09 -0.093341896894988
0.1435 -4.95527381918938e-09 -1.35942581068424e-09 -0.0934398016010986
0.144 -3.26547505768268e-09 -1.39378975154297e-09 -0.0935653515750802
0.1445 -4.964686521823e-09 -1.44091234171684e-09 -0.0936574197435781
0.145 -4.67690217586423e-09 -1.49028421467838e-09 -0.0937239183227768
0.1455 -5.43486605125166e-09 -1.52184713661337e-09 -0.0938306925886941
0.146 -5.21778035814946e-09 -1.5499899433658e-09 -0.0939575277835069
0.1465 -6.16674617530268e-09 -1.61619572171307e-09 -0.0940064760664006
0.147 -5.44612969618463e-09 -1.63833350697349e-09 -0.0941059245543309
0.1475 -5.82837770799529e-09 -1.68767347382994e-09 -0.094223859070276
0.148 -5.30375837440247e-09 -1.71805042046846e-09 -0.0943123108763848
0.1485 -5.15073382093307e-09 -1.73374293962542e-09 -0.0943521969424933
0.149 -4.939907783604e-09 -1.7813386504476e-09 -0.0944630064199262
0.1495 -4.68560159428167e-09 -1.79437162944814e-09 -0.0945849420029493
0.15 -5.96176799076538e-09 -1.8736021982085e-09 -0.0946401093217401
0.1505 -3.01178753533426e-09 -1.79679420790312e-09 -0.0947294307127307
0.151 -4.09525209979369e-09 -1.86910730188301e-09 -0.0948475166277926
0.1515 -5.33288721669954e-09 -1.9528092675102e-09 -0.0949384676301161
0.152 -7.73620953399476e-09 -2.101965225203e-09 -0.0949775161896241
0.1525 -5.04327635094769e-09 -2.00282480113323e-09 -0.0950758816702777
0.153 -5.94553894155548e-09 -2.07618670867907e-09 -0.0951855274478845
0.1535 -5.76680019241175e-09 -2.09648215317599e-09 -0.0952448051527802
0.154 -4.72900704271583e-09 -2.06662528950933e-09 -0.095330167764414
0.1545 -4.81882064191548e-09 -2.10470031726782e-09 -0.0954445571886131
0.155 -5.79669998857375e-09 -2.19480718589012e-09 -0.0955324796288088
0.1555 -8.50298807419483e-09 -2.41202150884235e-09 -0.0955672900731194
0.156 -5.51918995199916e-09 -2.23951619991505e-09 -0.0956627027432212
0.1565 -5.41393117345285e-09 -2.24939435291014e-09 -0.09577572707315
0.157 -6.78373962098946e-09 -2.3925676017374e-09 -0.0958240270010083
0.1575 -6.07703446683109e-09 -2.36888416477917e-09 -0.0959059881549379
0.158 -6.37317695773869e-09 -2.41865177275689e-09 -0.0960229822120535
0.1585 -6.07448539589138e-09 -2.42113616137432e-09 -0.0960986231752861
0.159 -5.89717112311732e-09 -2.43431088227186e-09 -0.0961262335165291
0.1595 -5.08515889897236e-09 -2.40178006964699e-09 -0.0962292341513749
0.16 -5.8151761668605e-09 -2.48716933341047e-09 -0.0963463975236146
0.1605 -7.15444329111816e-09 -2.63861063401001e-09 -0.0963832555086303
0.161 -6.4662966853682e-09 -2.6042674872429e-09 -0.0964681748717065
0.1615 -5.72072884069061e-09 -2.54445358593438e-09 -0.0965666151959054
0.162 -6.81141024743714e-09 -2.68756579080944e-09 -0.0966441648005383
0.1625 -5.94890559908357e-09 -2.6169498659438e-09 -0.0966893801666827
0.163 -5.9057655654759e-09 -2.62880990325414e-09 -0.0967707719294021
0.1635 -7.36217849668793e-09 -2.81555686295033e-09 -0.096878301652024
0.164 -8.0492743698113e-09 -2.92370782688901e-09 -0.0969210596503563
0.1645 -6.41833843447315e-09 -2.75956855524398e-09 -0.0969957027611116
0.165 -6.10880212758579e-09 -2.75319048568638e-09 -0.0970959200134014
0.1655 -7.04590565233064e-09 -2.88044347539856e-09 -0.0971604991101069
0.166 -6.40305284634762e-09 -2.83034770220176e-09 -0.0972249928265716
0.1665 -5.46668801493807e-09 -2.74754038667351e-09 -0.0973224380039785
0.167 -5.06753741112297e-09 -2.71108881708226e-09 -0.0974026917679678
0.1675 -5.39750889861658e-09 -2.78547517687213e-09 -0.0974369582319173
0.168 -6.57353430671191e-09 -2.94474942190163e-09 -0.0975106354403926
0.1685 -6.6391358921859e-09 -2.97747583418628e-09 -0.0976019917690608
0.169 -7.95135954245309e-09 -3.17709178058069e-09 -0.0976616326268777
0.1695 -6.55133340575006e-09 -3.00062432645583e-09 -0.097731472357071
0.17 -6.71627532262923e-09 -3.05248150715195e-09 -0.0978164705679762
0.1705 -8.76134625427841e-09 -3.37042491532829e-09 -0.0978961174170392
0.171 -1.18018663478995e-08 -3.85377884331654e-09 -0.0979135433268343
0.1715 -6.88822831933054e-09 -3.14224474728664e-09 -0.0979997115110448
0.172 -7.27960378974943e-09 -3.21234232520556e-09 -0.0981094020745482
0.1725 -8.8696001946818e-09 -3.48780933104911e-09 -0.0981357847580718
0.173 -8.42805462722174e-09 -3.43459846892524e-09 -0.0982099385119291
0.1735 -6.95184094095184e-09 -3.21717382136243e-09 -0.0983029472253525
0.174 -8.67695104695359e-09 -3.51967914951565e-09 -0.0983615645769556
0.1745 -8.10396421333476e-09 -3.44019866408323e-09 -0.098412890783519
0.175 -8.47978775786005e-09 -3.53015767971266e-09 -0.0984952338383714
0.1755 -8.41524535017104e-09 -3.52737879794204e-09 -0.098578902539796
0.176 -7.28950703114101e-09 -3.35389891961098e-09 -0.0986074124176369
0.1765 -8.24088138817011e-09 -3.51377857378084e-09 -0.0986753206751464
0.177 -8.28375382077241e-09 -3.5547993005839e-09 -0.098763536441571
0.1775 -8.47898225452141e-09 -3.60862165898846e-09 -0.0988135285361947
0.178 -8.02220574771536e-09 -3.53246156687088e-09 -0.0988719053337876
0.1785 -7.44772343036659e-09 -3.44442771557281e-09 -0.0989643025849457
0.179 -8.17342290270238e-09 -3.59631356752756e-09 -0.0990282100287202
0.1795 -6.35995399932146e-09 -3.26453022041562e-09 -0.0990457822041185
0.18 -9.27770398218776e-09 -3.81470324308186e-09 -0.0991317658603285
0.1805 -1.02894820644285e-08 -4.0307678716422e-09 -0.0992199824538345
0.181 -1.15265642207949e-08 -4.28221059793521e-09 -0.0992449597109576
0.1815 -8.92109755128535e-09 -3.78034103827807e-09 -0.0993130316734582
0.182 -1.00787344475802e-08 -4.02108662565479e-09 -0.0993916307405611
0.1825 -1.00212589769301e-08 -4.0269951921406e-09 -0.0994348103301204
0.183 -9.14584874112005e-09 -3.86808025833498e-09 -0.0995042924381639
0.1835 -9.15690159289091e-09 -3.89425441857555e-09 -0.099577583262513
0.184 -1.13948808332825e-08 -4.35583377446633e-09 -0.0996510874417315
0.1845 -1.10859080232994e-08 -4.32006088924779e-09 -0.099659869694709
0.185 -7.38620551979714e-09 -3.57172965942398e-09 -0.0997422414122004
0.1855 -1.08950417832175e-08 -4.31304243931818e-09 -0.0998322954090378
0.186 -1.15192458934996e-08 -4.46428075491221e-09 -0.0998607311066849
0.1865 -9.64850680242235e-09 -4.06233916698521e-09 -0.099918724332191
0.187 -1.01547833310819e-08 -4.17513311201822e-09 -0.0999982639002064
0.1875 -1.01051230013509e-08 -4.18418588968404e-09 -0.100040914907025
0.188 -9.17528954076344e-09 -3.98032615754929e-09 -0.100099835895209
0.1885 -1.20705994135738e-08 -4.62897399830311e-09 -0.100176136738477
0.189 -1.22700478109313e-08 -4.68112541937753e-09 -0.100243931802353
0.1895 -1.15508694170845e-08 -4.53256960325991e-09 -0.100247918854899
0.19 -6.91979956229072e-09 -3.51716934302288e-09 -0.100329578635346
0.1905 -8.79061491786053e-09 -3.94625925084562e-09 -0.100415998122044
0.191 -1.23849094183035e-08 -4.77950989230414e-09 -0.100439148229027
0.1915 -1.02249172169967e-08 -4.28468441414424e-09 -0.100495416847654
0.192 -1.06504010140515e-08 -4.39117776064893e-09 -0.100575378427706
0.1925 -1.14393322376067e-08 -4.57739169974017e-09 -0.100610120829844
0.193 -1.10405315583043e-08 -4.49118411639925e-09 -0.100670448432144
0.1935 -1.07519448333635e-08 -4.43973766929028e-09 -0.100741881651636
0.194 -1.05618520495856e-08 -4.40256415523843e-09 -0.100808563358359
0.1945 -8.56331121299435e-09 -3.92970522871068e-09 -0.100814070415223
0.195 -1.05041167260487e-08 -4.39833334736568e-09 -0.100882110754511
0.1955 -1.26888788899992e-08 -4.92900668742561e-09 -0.100974395488978
0.196 -1.19630683563678e-08 -4.75701215899007e-09 -0.100988462643478
0.1965 -1.21767395054117e-08 -4.82489118992125e-09 -0.101055307924683
0.197 -1.18875801259356e-08 -4.76786629825282e-09 -0.101126796746561
0.1975 -1.16433344648777e-08 -4.72348752051283e-09 -0.101166218433039
0.198 -1.07050870048839e-08 -4.48991503978875e-09 -0.101210610943095
0.1985 -1.16574809300753e-08 -4.73842797069118e-09 -0.101295821131677
0.199 -1.33668098911164e-08 -5.16124875819096e-09 -0.101342987399099
0.1995 -1.20886110559219e-08 -4.84973457552014e-09 -0.101372119764268
0.2 -1.09815732380835e-08 -4.58511521991077e-09 -0.101443327237738
0.2005 -1.1218225879298e-08 -4.64623827255887e-09 -0.101513004923109
0.201 -1.2954679662218e-08 -5.11348975515702e-09 -0.101527244847321
0.2015 -1.32093382726303e-08 -5.18300892733221e-09 -0.101574233989642
0.202 -1.08118031494019e-08 -4.55476033438628e-09 -0.1016608159579
0.2025 -1.43108224051388e-08 -5.47578435631204e-09 -0.101675706646873
0.203 -1.31725894297083e-08 -5.19295613068929e-09 -0.10173030866439
0.2035 -1.19013723766766e-08 -4.86903257904672e-09 -0.101804054103033
0.204 -1.17943697476639e-08 -4.8461965215678e-09 -0.101834819912103
0.2045 -1.34137627401908e-08 -5.27656173299922e-09 -0.101883716943075
0.205 -1.31064912224391e-08 -5.1968148518083e-09 -0.101947335821701
0.2055 -1.34482188898026e-08 -5.29149600992915e-09 -0.102009484290751
0.206 -1.04420421860547e-08 -4.50114962175527e-09 -0.102009753844871
0.2065 -1.26322292908946e-08 -5.09413207124455e-09 -0.102074336332107
0.207 -1.41682564361823e-08 -5.51936501881075e-09 -0.102161977029416
0.2075 -1.34693317625021e-08 -5.32896520494353e-09 -0.102169250809677
0.208 -1.7638833167319e-08 -6.47868539724966e-09 -0.102224064475499
0.2085 -1.58006403386534e-08 -5.98266041809164e-09 -0.102297511751037
0.209 -1.56330948678054e-08 -5.948186523943e-09 -0.102316077021607
0.2095 -1.37960509352918e-08 -5.44484699443225e-09 -0.102369287507935
0.21 -1.18765295098367e-08 -4.91119910387531e-09 -0.10243804277474
0.2105 -1.45522526079924e-08 -5.65615049834983e-09 -0.102478418097644
0.211 -1.35852994590776e-08 -5.40477012533589e-09 -0.102504208268183
0.2115 -2.91420784662673e-08 -9.77115691997661e-09 -0.10257901095494
0.212 -2.0156623708469e-08 -7.25402291789935e-09 -0.10263186937868
0.2125 -1.33744465980896e-08 -5.36073072438883e-09 -0.102618976526257
0.213 -1.62546560164698e-08 -6.18659991357268e-09 -0.102698587437253
0.2135 -1.78615988455539e-08 -6.6424484088289e-09 -0.102771442435378
0.214 -1.66919280426645e-08 -6.31983807850952e-09 -0.102773321194511
0.2145 -1.75749186171332e-08 -6.57845390540793e-09 -0.102827463334808
0.215 -1.42783719643088e-08 -5.64518267415986e-09 -0.102896270054593
0.2155 -1.62000195020152e-08 -6.20445530038777e-09 -0.102911576937447
0.216 -1.44878072000087e-08 -5.7195235134556e-09 -0.102966248510938
0.2165 -1.81079487438923e-08 -6.76914034927098e-09 -0.103028704815161
0.217 -1.87788531269472e-08 -6.9615297464616e-09 -0.103059569532568
0.2175 -1.50384801614485e-08 -5.88707341943586e-09 -0.103090136343758
0.218 -1.6653057674938e-08 -6.35457025786723e-09 -0.103149045413063
0.2185 -1.73505078392047e-08 -6.56433086301356e-09 -0.103204179148483
0.219 -1.20933671044952e-08 -5.04953488716069e-09 -0.103201802877935
0.2195 -1.74715920287401e-08 -6.62775815104997e-09 -0.103258167344174
0.22 -2.11893980191682e-08 -7.71571486791026e-09 -0.103336956573437
0.2205 -2.35286376717256e-08 -8.4304223798296e-09 -0.10334138846899
0.221 -1.95417251497924e-08 -7.2582829657317e-09 -0.103379047080352
0.2215 -1.58895718489157e-08 -6.18575852063716e-09 -0.103460994563606
0.222 -2.13452243035345e-08 -7.8225270533344e-09 -0.103464105825613
0.2225 -1.752799332246e-08 -6.68089565730935e-09 -0.103507190134402
0.223 -1.91287227594531e-08 -7.16442758795231e-09 -0.103567484576731
0.2235 -1.91151955874564e-08 -7.16513248910408e-09 -0.103586467363364
0.224 -2.00595162032159e-08 -7.46018403216403e-09 -0.103625808763604
0.2245 -2.08329162795391e-08 -7.70840976000907e-09 -0.103700593498889
0.225 -2.33779486181182e-08 -8.48128566423313e-09 -0.103730015716662
0.2255 -2.2944286661668e-08 -8.3495233871537e-09 -0.103744823132879
0.226 -1.77941197426529e-08 -6.80286240546748e-09 -0.103818795045228
0.2265 -2.23786521037819e-08 -8.19246763836521e-09 -0.103858302258789
0.227 -3.04537726313106e-08 -1.0656089741424e-08 -0.103837476899169
0.2275 -2.30624989995131e-08 -8.42159157994255e-09 -0.103902698780369
0.228 -2.35179908700877e-08 -8.55807974465492e-09 -0.103967092220666
0.2285 -2.15651299224941e-08 -7.98277452194428e-09 -0.103963113668996
0.229 -2.28964012125123e-08 -8.3902051719143e-09 -0.104008083038089
0.2295 -1.8280372095204e-08 -6.98092782121605e-09 -0.104067565628585
0.23 -2.36659820544133e-08 -8.63726933182304e-09 -0.104075390428151
0.2305 -2.17529090538248e-08 -8.05261703807457e-09 -0.104120631289542
0.231 -1.70695447671869e-08 -6.61568201438654e-09 -0.104175388948802
0.2315 -2.05258936215567e-08 -7.68911346883028e-09 -0.104190908226196
0.232 -2.03351891909071e-08 -7.62598027651608e-09 -0.104232691498409
0.2325 -1.50655420775633e-08 -5.99550218124695e-09 -0.104286565003924
0.233 -2.16699478551655e-08 -8.05286969925187e-09 -0.104322107918531
0.2335 -2.23117865247846e-08 -8.25217844921466e-09 -0.104328346303109
0.234 -8.04780210386473e-09 -3.81059746249467e-09 -0.104395959661637
0.2345 -2.03192353842325e-08 -7.63666932402868e-09 -0.104432337565033
0.235 -3.2117194252684e-08 -1.13329732106425e-08 -0.104407230184161
0.2355 -2.49751432937392e-08 -9.10803287056055e-09 -0.104468210460187
0.236 -2.6018110133586e-08 -9.43308061480245e-09 -0.104529236093029
0.2365 -2.37813462130109e-08 -8.73392777239928e-09 -0.104520775837862
0.237 -2.9417356470757e-08 -1.05142390379004e-08 -0.10455913908002
0.2375 -2.74847123721816e-08 -9.90587918488068e-09 -0.104620259691883
0.238 -3.05589669312772e-08 -1.0887359215914e-08 -0.104621757079388
0.2385 -2.71383924925895e-08 -9.80980497605859e-09 -0.104657371470031
0.239 -2.75393093337781e-08 -9.93498787687709e-09 -0.104714904073843
0.2395 -2.67218584767445e-08 -9.68581942079408e-09 -0.104723066114741
0.24 -2.41642257956549e-08 -8.86402144101601e-09 -0.104752484295392
0.2405 -1.64261651208052e-08 -6.40822290361005e-09 -0.104816621658651
0.241 -2.80143840933116e-08 -1.00929009451627e-08 -0.104840232263115
0.2415 -2.09362116161087e-08 -7.84418832998391e-09 -0.104855805622151
0.242 -2.39963990962637e-08 -8.80739880828952e-09 -0.104921372888228
0.2425 -3.31769243637838e-08 -1.17414586372913e-08 -0.104949682327072
0.243 -2.33490697435434e-08 -8.60464261423848e-09 -0.104926623220091
0.2435 -2.87224174121337e-08 -1.03176589615699e-08 -0.104975519827317
0.244 -3.27951421379465e-08 -1.16166876043863e-08 -0.105045706672419
0.2445 -3.24755434256469e-08 -1.15159508939385e-08 -0.105042615371197
0.245 -2.12201220558375e-08 -7.90062629656591e-09 -0.105064445785502
0.2455 -2.79079493706262e-08 -1.00428969057128e-08 -0.105145198585393
0.246 -3.72733824058251e-08 -1.30457323186712e-08 -0.105137176466541
0.2465 -3.24920520711953e-08 -1.15188031969917e-08 -0.105174768702337
0.247 -3.52552628473798e-08 -1.23982489022487e-08 -0.105224606968509
0.2475 -3.48909602911275e-08 -1.22756649525057e-08 -0.105232003849581
0.248 -2.91244107154264e-08 -1.04142717780042e-08 -0.105276561490428
0.2485 -2.86920755177926e-08 -1.02722929392522e-08 -0.105327298143022
0.249 -3.05191531163275e-08 -1.08533186820823e-08 -0.105340788281021
0.2495 -5.70119903235347e-08 -1.94400578963917e-08 -0.105377015152028
0.25 -3.78813385011489e-08 -1.32254681017568e-08 -0.105440870060228
