#
0.005 0.0049999999998359  0.00499999999987516  0.0349641495969093
0.01 0.0049999999978036  0.00499999999915456  0.034895547252768
0.015 0.00499999999061205  0.00499999999738278  0.0347968894005179
0.02 0.00499999997521044  0.00499999999354164  0.0346691881232785
0.025 0.0049999999487549  0.00499999998956906  0.0345114618407724
0.03 0.0049999999065327  0.00499999998812468  0.0343273641041427
0.035 0.00499999984440432  0.00499999999135219  0.0341169988597501
0.04 0.00499999975611687  0.00500000000206802  0.033883055813995
0.045 0.00499999963522789  0.00500000002252603  0.0336271076226164
0.05 0.00499999947479166  0.00500000005340399  0.0333506889867393
0.055 0.00499999927233087  0.00500000009351637  0.0330556346475127
0.06 0.00499999901355252  0.00500000014251353  0.0327441154322725
0.065 0.00499999870792198  0.00500000019595686  0.0324177106769049
0.07 0.004999998346675  0.00500000025159597  0.0320780113412678
0.075 0.00499999793754259  0.00500000030425417  0.0317265173772751
0.08 0.00499999748084251  0.00500000035046706  0.031364655710953
0.085 0.00499999697387706  0.00500000038716264  0.0309934884901393
0.09 0.0049999964404522  0.00500000040832859  0.0306141686620098
0.095 0.00499999587266437  0.0050000004130669  0.0302274882514864
0.1 0.00499999532252868  0.00500000039458034  0.0298344147676016
0.105 0.00499999476050943  0.0050000003555646  0.0294356358835933
0.11 0.00499999421765891  0.00500000029285583  0.0290318649810504
0.115 0.00499999370366622  0.00500000020641193  0.0286236043350002
0.12 0.00499999320690781  0.00500000009845445  0.0282110976328806
0.125 0.00499999275387638  0.00499999997086218  0.0277945899704614
0.13 0.00499999238044211  0.00499999982807961  0.0273744833463902
0.135 0.00499999207079833  0.00499999967378377  0.0269513803055765
0.14 0.00499999190178078  0.00499999949094343  0.0265256677144077
0.145 0.00499999194999197  0.00499999923060565  0.0260976611066295
0.15 0.00499999216085156  0.00499999885664996  0.0256676178244085
0.155 0.00499999263071934  0.00499999838014024  0.0252351364600068
0.16 0.00499999328778666  0.00499999781383594  0.0248008798861993
0.165 0.00499999412277495  0.00499999718647  0.024364886038328
0.17 0.00499999509776645  0.00499999651892257  0.0239273186237023
0.175 0.00499999618661122  0.00499999584602774  0.0234883198429796
0.18 0.00499999732399447  0.0049999951677064  0.0230481298408485
0.185 0.0049999985084479  0.00499999453925499  0.0226064361458149
0.19 0.00499999970438178  0.00499999399895158  0.0221635758168265
0.195 0.0050000008661676  0.00499999354737521  0.021719574995601
0.2 0.00500000196565561  0.00499999316640432  0.0212744043206764
0.205 0.0050000029664657  0.00499999291669471  0.0208281648731062
0.21 0.00500000383377094  0.00499999281466078  0.0203811291243168
0.215 0.0050000045391223  0.00499999287054498  0.0199330897471388
0.22 0.00500000506870571  0.00499999306991043  0.0194843951549505
0.225 0.00500000545511751  0.00499999334687571  0.0190351436953463
0.23 0.00500000564043303  0.00499999376206752  0.0185853547085913
0.235 0.00500000558967612  0.00499999433840581  0.0181346352328462
0.24 0.00500000532924828  0.00499999503287246  0.0176834104656956
0.245 0.00500000487759727  0.0049999958165828  0.017231655028572
0.25 0.00500000421249861  0.00499999670222342  0.0167791436306497
0.255 0.00500000339779308  0.00499999762857196  0.0163263055802323
0.26 0.00500000242424159  0.00499999859495774  0.0158729191340014
0.265 0.00500000133837145  0.00499999956270439  0.0154190543360841
0.27 0.00500000016073384  0.00500000051262977  0.0149650563610081
0.275 0.00499999892884237  0.00500000141684435  0.0145103001755746
0.28 0.00499999768754121  0.00500000224004444  0.0140555217394646
0.285 0.00499999645775614  0.00500000296559136  0.013600165189053
0.29 0.00499999535646157  0.00500000346838513  0.0131446242272651
0.295 0.00499999442286189  0.00500000371602559  0.0126886335665609
0.3 0.00499999374918163  0.00500000367212661  0.0122324301223615
0.305 0.00499999337713883  0.00500000334897233  0.0117756920276299
0.31 0.00499999324040022  0.005000002807476  0.0113187941088837
0.315 0.00499999343166071  0.00500000202843802  0.0108616437260327
0.32 0.00499999379295903  0.00500000109626796  0.0104041325127715
0.325 0.00499999440951462  0.00500000001722079  0.00994667266091211
0.33 0.00499999522039626  0.00499999883337822  0.0094888063542208
0.335 0.00499999620153853  0.00499999758585814  0.00903065558558376
0.34 0.00499999734475307  0.00499999633118268  0.00857261017953857
0.345 0.00499999856665199  0.00499999506122109  0.00811411028730432
0.35 0.00499999986071459  0.00499999383931146  0.00765560996806623
0.355 0.00500000118814834  0.00499999276188893  0.00719679870094474
0.36 0.00500000252029664  0.00499999175608678  0.00673767400897262
0.365 0.00500000379371091  0.00499999096083567  0.00627869912035356
0.37 0.00500000495611112  0.00499999041768912  0.00581940740569453
0.375 0.00500000604586808  0.00499998999970653  0.00535992104461538
0.38 0.00500000694395615  0.00499998987818333  0.00490062631951999
0.385 0.00500000764777998  0.00499999001630568  0.0044409666892611
0.39 0.00500000819882115  0.00499999033314252  0.00398136341381575
0.395 0.0050000084470837  0.0049999909854054  0.00352200301446038
0.4 0.00500000845885015  0.0049999918657445  0.00306278899001367
0.405 0.005000008261134  0.00499999292649661  0.00260427857563858
0.41 0.00500000774170538  0.00499999424172519  0.00214754477684346
0.415 0.00500000712816468  0.00499999559816305  0.00169441918842031
0.42 0.00500000618975744  0.00499999708433649  0.00125019919671817
0.425 0.00500000487444886  0.00499999847523597  0.000831900819362189
0.43 0.00499999731630408  0.00500000398039043  0.00103349412004781
0.435 0.00499999095622702  0.00500000942850252  0.0011109254410478
0.44 0.00499998561714103  0.00500001499566586  0.00113579836263717
0.445 0.00499998100447945  0.00500002049158564  0.00111908594078048
0.45 0.00499997681579231  0.00500002595209949  0.00106784195961479
0.455 0.00499997272072724  0.00500003155798037  0.000986888985208921
0.46 0.00499996847154754  0.00500003749490532  0.000883341036768665
0.465 0.00499995734846317  0.00500004959984681  0.000874544804238716
0.47 0.0049999423895824  0.00500006514360274  0.000890695843401397
0.475 0.00499992800529201  0.00500008038995977  0.000874807487124948
0.48 0.00499991404658666  0.0050000954178189  0.000834537644250154
0.485 0.00499990680426891  0.00500010447869903  0.00085017171807154
0.49 0.00499990061301449  0.00500011260678104  0.000836632489078861
0.495 0.00499989597944971  0.005000119344121  0.000835936577295203
0.5 0.00499989388382278  0.00500012378080345  0.000835929743781782
