#
0.005 -1.23347745968194e-10 -6.28813070597471e-11 -0.0103856323640793
0.01 -7.52919935894556e-10 -1.28859689380063e-10 -0.0168379273056628
0.015 -2.20225800925199e-09 -5.85801038320271e-10 -0.0226087482148328
0.02 -4.17183166420708e-09 -8.99735655209661e-10 -0.028636287648727
0.025 -6.80445094697693e-09 -4.87769720202989e-10 -0.0342621923638757
0.03 -1.02159899135828e-08 1.61065983403506e-11 -0.0395423233921059
0.035 -1.49387659578541e-08 1.49593621534421e-09 -0.044402872480611
0.04 -2.08264378876171e-08 3.04868023869317e-09 -0.049225647694762
0.045 -2.92199394996972e-08 5.05482914501018e-09 -0.0533362457689803
0.05 -3.70789054853896e-08 7.01865569116075e-09 -0.0571439477352433
0.055 -4.64357761820614e-08 9.25955679553168e-09 -0.0606012585291561
0.06 -5.20090564604081e-08 1.00168576778316e-08 -0.0637421636529815
0.065 -6.57231329172024e-08 1.1043394367557e-08 -0.0666017913685769
0.07 -7.37367463901901e-08 1.06058789079459e-08 -0.0690952512020499
0.075 -8.44644130818664e-08 9.89504555272891e-09 -0.0713583543605307
0.08 -1.02093135772831e-07 9.20691423467389e-09 -0.0732705517820346
0.085 -1.17757088241193e-07 7.29352157672573e-09 -0.0750071563605899
0.09 -1.08999073425001e-07 2.33255742690501e-09 -0.0766792892410945
0.095 -1.28929882977974e-07 1.53159197487715e-10 -0.0780291054091674
0.1 -1.32222720039841e-07 -3.87074273734744e-09 -0.0791936471039085
0.105 -9.9255360480605e-08 -1.06318002754114e-08 -0.0802670049665355
0.11 -1.02387104015266e-07 -1.49241909900545e-08 -0.0812588077595627
0.115 -4.74741856299093e-08 -2.16936480149018e-08 -0.0821688525839279
0.12 -5.53968869231525e-08 -2.48313819400065e-08 -0.0829462399413752
0.125 -7.51929838333738e-08 -2.70861077335111e-08 -0.0835644949335953
0.13 -6.35147178099031e-08 -2.96907702585235e-08 -0.0841792804614035
0.135 1.56369613118058e-08 -3.05464235317108e-08 -0.0849175155856841
0.14 5.41158237672826e-08 -3.95189074766004e-08 -0.0855064719434889
0.145 6.11546479049924e-08 -5.95968697068863e-08 -0.085914362866123
0.15 8.58967526146769e-08 -8.36296519809847e-08 -0.0863651368851968
0.155 6.74461035771512e-08 -1.13449654079913e-07 -0.086766529872453
0.16 1.16764318900196e-07 -1.28517218070625e-07 -0.0868452678476937
0.165 1.77974226223244e-07 -1.32377114748294e-07 -0.087185489213024
0.17 2.30768137754891e-07 -1.23856453462259e-07 -0.0878662025418946
0.175 2.13148066547048e-07 -1.48159857550788e-07 -0.0881105892554638
0.18 2.21298381914159e-07 -1.46711749066438e-07 -0.0879693878067232
0.185 2.52559765118659e-07 -8.145261839779e-08 -0.0884299747658768
0.19 2.4471948751981e-07 -6.9214850171849e-08 -0.0889791991173877
0.195 2.27834932284438e-07 -1.03317659427514e-07 -0.08881157681128
0.2 2.00064206769019e-07 -2.71840687890913e-08 -0.0891005388379552
0.205 1.76259693838354e-07 1.83329433816489e-09 -0.0895997768727247
0.21 1.7255842417592e-07 -3.46269123069135e-08 -0.0893373438692353
0.215 1.15932713647547e-07 3.79052708826155e-08 -0.0897227063975839
0.22 1.10308321877712e-07 2.35813266253033e-08 -0.0899426542296299
0.225 8.0644260988605e-08 3.89101505996347e-08 -0.0897125787078629
0.23 -1.27321573323071e-08 1.30401032331455e-07 -0.0902997391897354
0.235 -4.56046913156673e-09 1.00711740976338e-07 -0.090134269613091
0.24 -7.23253280011818e-08 1.48529094946725e-07 -0.0901991197349073
0.245 -9.84776714606482e-08 1.56145138480646e-07 -0.090512842936817
0.25 -1.44348901763062e-07 1.7831949378192e-07 -0.0904188514026096
0.255 -1.79386073655282e-07 1.90224950938177e-07 -0.0906196543195389
0.26 -2.02694027954979e-07 1.90278647470017e-07 -0.0906702969765378
0.265 -2.36932918895735e-07 1.9735921964088e-07 -0.0907712353683544
0.27 -2.39688869536789e-07 1.87395837109626e-07 -0.0908062043189411
0.275 -2.4183311283957e-07 1.62255844269958e-07 -0.0910070180312875
0.28 -2.52217487818701e-07 1.61254605257355e-07 -0.0909467379903482
0.285 -2.18011740003671e-07 1.09846169220221e-07 -0.0911327912795252
0.29 -2.15885894125035e-07 8.43132219601525e-08 -0.0912627809123568
0.295 -1.71060588533204e-07 2.61767837243433e-08 -0.091124335361112
0.3 -1.28454082799015e-07 -2.41080484211953e-08 -0.0913791860629774
0.305 -5.42249729208946e-08 -8.45916852253411e-08 -0.0912354264179673
0.31 -1.84696291294333e-09 -1.31265622214323e-07 -0.0914093946740342
0.315 9.10163381840065e-08 -1.83229122133355e-07 -0.0913753863143836
0.32 1.48993603911952e-07 -2.15144657741303e-07 -0.0915140457836855
0.325 1.73754456858162e-07 -2.28796474832951e-07 -0.0914541152327375
0.33 2.11058083294995e-07 -2.41118313146246e-07 -0.0918578458567355
0.335 1.94346243205971e-07 -2.61025640023647e-07 -0.0914966041108298
0.34 2.14909428730675e-07 -2.81950930637403e-07 -0.0918083750546148
0.345 2.48614049736866e-07 -2.56612414011119e-07 -0.0916017787501783
0.35 2.66270330725699e-07 -2.3979826467037e-07 -0.0917233818782121
0.355 2.6013901277725e-07 -1.70838925118975e-07 -0.0917329217137911
0.36 2.51520290455494e-07 -1.33454882452859e-07 -0.0918421025967235
0.365 2.29486898269857e-07 -9.75810169248362e-08 -0.0917570297703983
0.37 2.42273445011064e-07 -1.27030745444824e-07 -0.0920861569189244
0.375 2.33788298983283e-07 -1.14546739260713e-07 -0.0917502461123303
0.38 1.91755341833801e-07 -4.35364912916584e-08 -0.0919908365023916
0.385 1.29315406865639e-07 4.03724422066073e-08 -0.0917966615858302
0.39 8.92214163375325e-08 8.87736891568091e-08 -0.0919202708130856
0.395 -1.19096420056e-08 1.94027184130602e-07 -0.0918180797681936
0.4 -2.1574702494541e-08 1.99396890208975e-07 -0.091844480180602
0.405 -9.7904472310606e-08 2.59886074440367e-07 -0.0915559770581922
0.41 -9.02734304967496e-08 2.50906789248835e-07 -0.0912184608229699
0.415 -7.88751566767266e-08 2.35310516405999e-07 -0.0898532479849014
0.42 -2.23685915349198e-07 3.02625978802576e-07 -0.0876774700193515
0.425 -8.06904933056309e-07 6.13338545121874e-07 0.0282645566956279
0.43 -1.37037859106417e-06 1.04620364168555e-06 0.0220863175056446
0.435 -1.16009623705724e-06 1.11523674579391e-06 0.00972759983593398
0.44 -9.83340055439875e-07 1.10649904716705e-06 0.000551237114184162
0.445 -8.69764435217501e-07 1.09220668896982e-06 -0.00699817290455374
0.45 -8.15999581659281e-07 1.09772843521729e-06 -0.0133394265858275
0.455 -8.37530208450987e-07 1.15969880261236e-06 -0.0187128182785557
0.46 -8.84718136337786e-07 1.2402009805273e-06 -0.0222329468653402
0.465 -3.10050469864631e-06 3.18767316924385e-06 0.00730720407001422
0.47 -2.9202040181452e-06 3.06776969819255e-06 -0.000320479354965674
0.475 -2.83344209786141e-06 3.02852892336972e-06 -0.00582434548647215
0.48 2.73204478658566e-06 -1.9106966510956e-06 -0.00667418249424875
0.485 -1.4306297857372e-06 1.79537615233085e-06 -0.00101635646343506
0.49 -7.30827550064876e-07 1.17400383825143e-06 0.00464584334084688
0.495 -7.82375583453411e-07 1.21621324643385e-06 -0.00325728151451556
0.5 -1.92082453484777e-07 6.80206320679132e-07 0.00165001026480362
