#
0.0005 0.0050000000000002  0.0050000000000002  0.0349996464357984
0.001 0.0049999999999999  0.0049999999999999  0.0349989739111424
0.0015 0.00499999999999877  0.00499999999999877  0.0349979796889615
0.002 0.00499999999999795  0.00499999999999795  0.0349966641170734
0.0025 0.0049999999999968  0.0049999999999968  0.0349950279662533
0.003 0.00499999999999617  0.00499999999999617  0.0349930720582322
0.0035 0.00499999999999573  0.00499999999999573  0.0349907971662741
0.004 0.0049999999999954  0.0049999999999954  0.0349882039582199
0.0045 0.00499999999999507  0.00499999999999507  0.034985292970494
0.005 0.0049999999999947  0.0049999999999947  0.0349820646535804
0.0055 0.00499999999999379  0.00499999999999379  0.0349785191258271
0.006 0.00499999999999304  0.00499999999999304  0.034974655849117
0.0065 0.00499999999999248  0.00499999999999248  0.0349704732629463
0.007 0.00499999999999122  0.00499999999999122  0.0349659721293692
0.0075 0.00499999999998992  0.00499999999998992  0.0349611535277604
0.008 0.00499999999998864  0.00499999999998864  0.034956017952485
0.0085 0.0049999999999875  0.0049999999999875  0.0349505653572332
0.009 0.00499999999998671  0.00499999999998671  0.0349447932102791
0.0095 0.00499999999998528  0.00499999999998528  0.0349387043576351
0.01 0.00499999999998381  0.00499999999998381  0.0349323040634008
0.0105 0.00499999999998159  0.00499999999998159  0.0349255948552595
0.011 0.0049999999999793  0.0049999999999793  0.0349185802598094
0.0115 0.00499999999997652  0.00499999999997652  0.034911267436455
0.012 0.00499999999997287  0.00499999999997287  0.0349036620826153
0.0125 0.00499999999996857  0.00499999999996857  0.0348957662411784
0.013 0.00499999999996418  0.00499999999996418  0.0348875798009288
0.0135 0.00499999999995897  0.00499999999995897  0.0348791045634679
0.014 0.0049999999999535  0.0049999999999535  0.0348703421948171
0.0145 0.00499999999994731  0.00499999999994731  0.0348612954845272
0.015 0.00499999999994023  0.00499999999994023  0.0348519628987384
0.0155 0.00499999999993288  0.00499999999993288  0.0348423357380823
0.016 0.0049999999999252  0.0049999999999252  0.0348324122729748
0.0165 0.00499999999991726  0.00499999999991726  0.0348221864636282
0.017 0.00499999999990992  0.00499999999990992  0.0348116594069635
0.0175 0.00499999999990151  0.00499999999990151  0.0348008367331477
0.018 0.00499999999989226  0.00499999999989226  0.0347897263282151
0.0185 0.004999999999883  0.004999999999883  0.0347783358723859
0.019 0.00499999999987324  0.00499999999987324  0.0347666676208427
0.0195 0.00499999999986272  0.00499999999986272  0.0347547197052449
0.02 0.00499999999985136  0.00499999999985136  0.0347424872854648
0.0205 0.00499999999983954  0.00499999999983954  0.034729970950777
0.021 0.00499999999982768  0.00499999999982768  0.0347171699850949
0.0215 0.00499999999981477  0.00499999999981477  0.034704086811913
0.022 0.00499999999980037  0.00499999999980037  0.0346907282246995
0.0225 0.0049999999997866  0.0049999999997866  0.0346771032699932
0.023 0.00499999999977219  0.00499999999977218  0.0346632156138631
0.0235 0.00499999999975723  0.00499999999975723  0.0346490669015167
0.024 0.00499999999974088  0.00499999999974088  0.0346346606875573
0.0245 0.00499999999972638  0.00499999999972638  0.0346199906991933
0.025 0.00499999999971082  0.00499999999971082  0.0346050468856037
0.0255 0.00499999999969522  0.00499999999969522  0.0345898198012366
0.026 0.0049999999996788  0.0049999999996788  0.0345743161239373
0.0265 0.00499999999966213  0.00499999999966213  0.0345585495929906
0.027 0.00499999999964533  0.00499999999964533  0.0345425268472332
0.0275 0.00499999999962839  0.00499999999962839  0.0345262438651447
0.028 0.00499999999961022  0.00499999999961022  0.0345096958406982
0.0285 0.00499999999959255  0.00499999999959254  0.0344928849436202
0.029 0.00499999999957464  0.00499999999957463  0.0344758130291854
0.0295 0.00499999999955552  0.00499999999955552  0.034458488867489
0.03 0.00499999999953682  0.00499999999953681  0.0344409210623089
0.0305 0.00499999999951691  0.00499999999951691  0.0344231119630222
0.031 0.00499999999949627  0.00499999999949627  0.0344050652447897
0.0315 0.00499999999947657  0.00499999999947657  0.0343867677304059
0.032 0.00499999999945574  0.00499999999945573  0.0343682061531107
0.0325 0.00499999999943395  0.00499999999943395  0.0343493820950756
0.033 0.00499999999941131  0.0049999999994113  0.0343303143904682
0.0335 0.00499999999938881  0.00499999999938881  0.0343110071854052
0.034 0.00499999999936651  0.00499999999936651  0.0342914523334003
0.0345 0.00499999999934339  0.00499999999934339  0.0342716521243514
0.035 0.0049999999993193  0.0049999999993193  0.0342516074396851
0.0355 0.00499999999929449  0.00499999999929449  0.03423132868709
0.036 0.00499999999926956  0.00499999999926956  0.0342108238598689
0.0365 0.00499999999924409  0.00499999999924409  0.0341900973788416
0.037 0.00499999999921821  0.00499999999921821  0.0341691442388753
0.0375 0.0049999999991919  0.00499999999919189  0.0341479453752097
0.038 0.00499999999916513  0.00499999999916513  0.0341264958889785
0.0385 0.00499999999913708  0.00499999999913708  0.0341048185938794
0.039 0.00499999999910845  0.00499999999910845  0.0340829162782292
0.0395 0.00499999999907957  0.00499999999907956  0.034060780914083
0.04 0.00499999999905039  0.00499999999905039  0.0340384165334828
0.0405 0.00499999999901958  0.00499999999901958  0.0340158281037575
0.041 0.00499999999898839  0.00499999999898839  0.0339930269485775
0.0415 0.00499999999895583  0.00499999999895583  0.0339700187191739
0.042 0.00499999999892335  0.00499999999892335  0.0339468017597207
0.0425 0.00499999999888954  0.00499999999888954  0.0339233532728001
0.043 0.00499999999885606  0.00499999999885606  0.0338996692011553
0.0435 0.00499999999882124  0.00499999999882123  0.0338757747183042
0.044 0.00499999999878506  0.00499999999878506  0.0338516659178261
0.0445 0.00499999999874814  0.00499999999874814  0.0338273407982337
0.045 0.00499999999871035  0.00499999999871035  0.0338028015459114
0.0455 0.00499999999867338  0.00499999999867338  0.0337780595154835
0.046 0.00499999999863506  0.00499999999863506  0.0337531228878806
0.0465 0.00499999999859605  0.00499999999859605  0.0337279953697085
0.047 0.00499999999855601  0.00499999999855601  0.0337026535682969
0.0475 0.00499999999851618  0.00499999999851618  0.0336770875553644
0.048 0.00499999999847491  0.00499999999847491  0.0336513247885707
0.0485 0.00499999999843219  0.00499999999843219  0.0336253602978808
0.049 0.00499999999838872  0.00499999999838872  0.0335991933496277
0.0495 0.00499999999834525  0.00499999999834525  0.0335728284564695
0.05 0.00499999999830119  0.00499999999830119  0.0335462768465565
0.0505 0.00499999999825601  0.00499999999825601  0.033519547841775
0.051 0.00499999999821061  0.0049999999982106  0.0334926336607039
0.0515 0.00499999999816506  0.00499999999816505  0.0334655049349548
0.052 0.00499999999811921  0.0049999999981192  0.033438181850222
0.0525 0.00499999999807093  0.00499999999807093  0.0334106745946191
0.053 0.00499999999802319  0.00499999999802318  0.0333829766786881
0.0535 0.00499999999797422  0.00499999999797422  0.0333550912643683
0.054 0.00499999999792305  0.00499999999792304  0.0333270309116266
0.0545 0.0049999999978712  0.0049999999978712  0.0332988049201876
0.055 0.00499999999781951  0.00499999999781951  0.033270409298339
0.0555 0.00499999999776754  0.00499999999776754  0.033241810136946
0.056 0.00499999999771391  0.00499999999771391  0.033213029728654
0.0565 0.004999999997658  0.004999999997658  0.0331840756960033
0.057 0.00499999999760273  0.00499999999760273  0.0331549435810852
0.0575 0.00499999999754577  0.00499999999754577  0.0331256382630819
0.058 0.00499999999748794  0.00499999999748794  0.0330961719752968
0.0585 0.00499999999742893  0.00499999999742892  0.0330665546745821
0.059 0.00499999999736938  0.00499999999736937  0.0330367663775455
0.0595 0.00499999999730902  0.00499999999730902  0.0330067873206677
0.06 0.00499999999724671  0.0049999999972467  0.0329766485918587
0.0605 0.00499999999718311  0.00499999999718311  0.0329463422701282
0.061 0.00499999999711945  0.00499999999711945  0.0329158717355306
0.0615 0.00499999999705312  0.00499999999705311  0.032885245461476
0.062 0.00499999999698574  0.00499999999698574  0.0328544765621186
0.0625 0.004999999996918  0.004999999996918  0.0328235620533833
0.063 0.00499999999685043  0.00499999999685042  0.032792463733554
0.0635 0.00499999999677971  0.0049999999967797  0.0327612108111339
0.064 0.00499999999670707  0.00499999999670707  0.032729802664723
0.0645 0.00499999999663445  0.00499999999663444  0.0326982408143762
0.065 0.00499999999656037  0.00499999999656037  0.0326665305283866
0.0655 0.00499999999648368  0.00499999999648368  0.0326346866473353
0.066 0.0049999999964053  0.0049999999964053  0.0326027103403138
0.0665 0.00499999999632844  0.00499999999632844  0.0325705603607899
0.067 0.00499999999624907  0.00499999999624907  0.0325382646649683
0.0675 0.00499999999616702  0.00499999999616702  0.0325058234724126
0.068 0.00499999999608626  0.00499999999608626  0.032473238682808
0.0685 0.0049999999960022  0.0049999999960022  0.0324405166473113
0.069 0.00499999999591634  0.00499999999591633  0.032407672772061
0.0695 0.00499999999582915  0.00499999999582914  0.0323747004438539
0.07 0.00499999999574281  0.00499999999574281  0.0323415621260223
0.0705 0.00499999999565248  0.00499999999565247  0.0323082929755774
0.071 0.00499999999556052  0.00499999999556052  0.0322748864097462
0.0715 0.00499999999547001  0.00499999999547001  0.0322413444136783
0.072 0.00499999999537571  0.00499999999537571  0.0322076803403197
0.0725 0.00499999999527918  0.00499999999527918  0.0321739067712935
0.073 0.00499999999518339  0.00499999999518339  0.0321399975460585
0.0735 0.00499999999508592  0.00499999999508592  0.0321059410668622
0.074 0.00499999999498442  0.00499999999498442  0.0320717623887966
0.0745 0.0049999999948841  0.0049999999948841  0.0320374555905216
0.075 0.00499999999478018  0.00499999999478018  0.032003025731473
0.0755 0.00499999999467446  0.00499999999467446  0.031968488292161
0.076 0.0049999999945668  0.0049999999945668  0.0319338467607687
0.0765 0.00499999999446186  0.00499999999446186  0.0318990566412371
0.077 0.00499999999435093  0.00499999999435093  0.031864150009406
0.0775 0.00499999999423942  0.00499999999423941  0.0318291228224382
0.078 0.00499999999412582  0.00499999999412582  0.0317939764445676
0.0785 0.00499999999400864  0.00499999999400864  0.0317587250839898
0.079 0.00499999999388965  0.00499999999388965  0.0317233803345726
0.0795 0.00499999999376677  0.00499999999376677  0.0316879080296605
0.08 0.00499999999364581  0.00499999999364581  0.0316523125445185
0.0805 0.00499999999352053  0.00499999999352053  0.0316166067043178
0.081 0.00499999999339757  0.00499999999339757  0.0315807906417003
0.0815 0.00499999999326876  0.00499999999326876  0.0315448709106067
0.082 0.00499999999313798  0.00499999999313798  0.0315088654511565
0.0825 0.00499999999300626  0.00499999999300625  0.0314727497726263
0.083 0.00499999999287338  0.00499999999287338  0.0314365090463259
0.0835 0.00499999999273498  0.00499999999273498  0.0314001676887918
0.084 0.00499999999259851  0.00499999999259851  0.0313637218353379
0.0845 0.00499999999245712  0.00499999999245712  0.031327176525052
0.085 0.00499999999231233  0.00499999999231233  0.0312905515564645
0.0855 0.00499999999216759  0.00499999999216759  0.0312538288462783
0.086 0.0049999999920216  0.0049999999920216  0.0312169843744409
0.0865 0.00499999999186793  0.00499999999186793  0.031180046493331
0.087 0.00499999999171627  0.00499999999171627  0.0311430101060876
0.0875 0.00499999999156027  0.00499999999156027  0.0311058810806785
0.088 0.00499999999139976  0.00499999999139976  0.031068678446672
0.0885 0.0049999999912405  0.0049999999912405  0.0310313847297343
0.089 0.0049999999910795  0.0049999999910795  0.0309939752824451
0.0895 0.00499999999091108  0.00499999999091108  0.0309564780758693
0.09 0.00499999999074477  0.00499999999074477  0.030918888655675
0.0905 0.00499999999057257  0.00499999999057257  0.030881212297984
0.091 0.00499999999039568  0.00499999999039568  0.0308434686950717
0.0915 0.00499999999022051  0.00499999999022051  0.030805635580457
0.092 0.00499999999004361  0.00499999999004361  0.0307676958503901
0.0925 0.004999999989858  0.004999999989858  0.0307296728687736
0.093 0.00499999998967748  0.00499999998967748  0.0306915638935011
0.0935 0.00499999998948758  0.00499999998948758  0.0306533757994604
0.094 0.00499999998929495  0.00499999998929495  0.0306151274469965
0.0945 0.00499999998910519  0.00499999998910519  0.0305767867248855
0.095 0.00499999998891129  0.00499999998891129  0.0305383513236261
0.0955 0.00499999998871125  0.00499999998871125  0.0304998360397153
0.096 0.00499999998851467  0.00499999998851467  0.0304612393500223
0.0965 0.00499999998830967  0.00499999998830968  0.0304225735199017
0.097 0.00499999998810027  0.00499999998810027  0.030383852356493
0.0975 0.00499999998789717  0.00499999998789717  0.030345031434813
0.098 0.00499999998768274  0.00499999998768274  0.0303061326848301
0.0985 0.00499999998746945  0.00499999998746945  0.0302671557928437
0.099 0.00499999998725041  0.00499999998725041  0.0302281038539994
0.0995 0.00499999998702588  0.00499999998702588  0.0301889932376272
0.1 0.00499999998680046  0.00499999998680046  0.0301498267503538
0.1005 0.00499999998657947  0.00499999998657947  0.0301105584771843
0.101 0.00499999998634651  0.00499999998634652  0.030071223111104
0.1015 0.00499999998611636  0.00499999998611636  0.0300318147829017
0.102 0.00499999998588066  0.00499999998588066  0.0299923390042923
0.1025 0.00499999998563664  0.00499999998563664  0.0299528158453252
0.103 0.00499999998540004  0.00499999998540004  0.0299132202054788
0.1035 0.00499999998515772  0.00499999998515773  0.0298735399531267
0.104 0.00499999998490555  0.00499999998490555  0.0298337945093416
0.1045 0.00499999998465987  0.00499999998465987  0.029793980937277
0.105 0.00499999998440273  0.00499999998440273  0.0297541116730492
0.1055 0.00499999998413809  0.00499999998413809  0.0297142002946016
0.106 0.00499999998388812  0.00499999998388812  0.0296741994358334
0.1065 0.00499999998362003  0.00499999998362003  0.0296341358724694
0.107 0.004999999983362  0.004999999983362  0.0295940058423322
0.1075 0.00499999998309313  0.00499999998309313  0.0295538156782484
0.108 0.00499999998281746  0.00499999998281747  0.0295135834526398
0.1085 0.00499999998254895  0.00499999998254895  0.0294732940455927
0.109 0.00499999998227693  0.00499999998227694  0.0294329220254686
0.1095 0.00499999998199066  0.00499999998199067  0.0293924932759316
0.11 0.00499999998171557  0.00499999998171558  0.0293520052077415
0.1105 0.00499999998142892  0.00499999998142893  0.0293114656664094
0.111 0.00499999998113591  0.00499999998113591  0.0292708926071624
0.1115 0.00499999998085911  0.00499999998085911  0.0292302382560147
0.112 0.0049999999805611  0.0049999999805611  0.0291895276620373
0.1125 0.00499999998027258  0.00499999998027259  0.0291487579367383
0.113 0.00499999997997379  0.00499999997997379  0.0291079351679989
0.1135 0.00499999997966706  0.00499999997966706  0.0290670778849386
0.114 0.00499999997936896  0.00499999997936896  0.0290261669143023
0.1145 0.00499999997906892  0.00499999997906892  0.0289851834420828
0.115 0.00499999997875555  0.00499999997875555  0.0289441496178108
0.1155 0.00499999997845119  0.0049999999784512  0.0289030613594106
0.116 0.00499999997813377  0.00499999997813378  0.0288619321177096
0.1165 0.00499999997780958  0.00499999997780959  0.0288207750377495
0.117 0.00499999997750432  0.00499999997750432  0.0287795372432588
0.1175 0.00499999997717573  0.00499999997717573  0.0287382529377164
0.118 0.00499999997685583  0.00499999997685584  0.028696917093187
0.1185 0.00499999997652701  0.00499999997652702  0.0286555353430296
0.119 0.00499999997619161  0.00499999997619161  0.0286141280402311
0.1195 0.00499999997586544  0.00499999997586545  0.0285726614607408
0.12 0.0049999999755319  0.0049999999755319  0.0285311377904374
0.1205 0.00499999997520111  0.00499999997520111  0.0284895665874334
0.121 0.00499999997486139  0.00499999997486139  0.0284479475670041
0.1215 0.00499999997451324  0.00499999997451325  0.0284062999126154
0.122 0.00499999997417484  0.00499999997417485  0.0283646167981958
0.1225 0.00499999997383832  0.00499999997383832  0.0283228640822975
0.123 0.00499999997348102  0.00499999997348103  0.0282810696124048
0.1235 0.00499999997314244  0.00499999997314244  0.028239230165627
0.124 0.00499999997278321  0.00499999997278321  0.0281973553437945
0.1245 0.00499999997242269  0.0049999999724227  0.0281554611256581
0.125 0.00499999997208447  0.00499999997208448  0.0281134951412654
0.1255 0.00499999997171937  0.00499999997171937  0.0280714899963389
0.126 0.0049999999713653  0.0049999999713653  0.0280294411651204
0.1265 0.00499999997100292  0.00499999997100293  0.0279873537620149
0.127 0.00499999997063218  0.00499999997063219  0.0279452494406814
0.1275 0.00499999997027977  0.00499999997027977  0.0279030902623832
0.128 0.00499999996990965  0.00499999996990966  0.0278608843024203
0.1285 0.00499999996955004  0.00499999996955005  0.0278186366836969
0.129 0.0049999999691796  0.00499999996917961  0.0277763500403151
0.1295 0.00499999996879584  0.00499999996879585  0.027734044517336
0.13 0.00499999996843198  0.00499999996843198  0.0276917023657767
0.1305 0.00499999996806526  0.00499999996806527  0.0276493031948146
0.131 0.00499999996768665  0.00499999996768666  0.0276068693765167
0.1315 0.00499999996731997  0.00499999996731998  0.0275643952338324
0.132 0.00499999996693376  0.00499999996693377  0.0275218985372479
0.1325 0.00499999996655851  0.00499999996655852  0.0274793826125635
0.133 0.00499999996619719  0.00499999996619719  0.0274368014757354
0.1335 0.00499999996581058  0.00499999996581059  0.0273941883184753
0.134 0.00499999996544778  0.00499999996544779  0.0273515396819465
0.1345 0.00499999996506438  0.00499999996506439  0.0273088632890333
0.135 0.00499999996467948  0.00499999996467949  0.0272661767358756
0.1355 0.00499999996432513  0.00499999996432514  0.0272234266251382
0.136 0.00499999996394019  0.0049999999639402  0.0271806453943726
0.1365 0.00499999996357463  0.00499999996357464  0.0271378295457436
0.137 0.00499999996319192  0.00499999996319193  0.0270949844928597
0.1375 0.0049999999628036  0.00499999996280361  0.0270521304100861
0.138 0.00499999996245119  0.0049999999624512  0.0270092248145749
0.1385 0.00499999996206554  0.00499999996206555  0.0269662838388749
0.139 0.00499999996169987  0.00499999996169988  0.0269233086330164
0.1395 0.00499999996132229  0.00499999996132231  0.0268803039819319
0.14 0.00499999996093803  0.00499999996093804  0.0268372912629527
0.1405 0.00499999996057564  0.00499999996057565  0.026794237744286
0.141 0.00499999996020335  0.00499999996020336  0.0267511438757872
0.1415 0.00499999995984745  0.00499999995984746  0.0267080188527821
0.142 0.00499999995947941  0.00499999995947942  0.0266648637734298
0.1425 0.00499999995909964  0.00499999995909965  0.0266216990366726
0.143 0.00499999995874939  0.0049999999587494  0.0265785040216695
0.1435 0.00499999995839093  0.00499999995839094  0.0265352630834209
0.144 0.00499999995802677  0.00499999995802678  0.0264919949352291
0.1445 0.00499999995767288  0.00499999995767289  0.0264486964931735
0.145 0.00499999995729935  0.00499999995729936  0.0264053871227827
0.1455 0.00499999995695106  0.00499999995695107  0.0263620592667302
0.146 0.00499999995661158  0.00499999995661159  0.0263186806907819
0.1465 0.00499999995624622  0.00499999995624623  0.0262752775723453
0.147 0.00499999995591366  0.00499999995591367  0.026231846134982
0.1475 0.0049999999555525  0.00499999995555252  0.0261884010894074
0.148 0.0049999999552151  0.00499999995521511  0.0261449455820404
0.1485 0.00499999995489109  0.00499999995489111  0.0261014362608533
0.149 0.00499999995453598  0.00499999995453599  0.0260579038961743
0.1495 0.00499999995422529  0.00499999995422531  0.026014345330847
0.15 0.00499999995388111  0.00499999995388112  0.0259707707782494
0.1505 0.0049999999535462  0.00499999995354621  0.0259271932467419
0.151 0.00499999995324927  0.00499999995324929  0.02588355908956
0.1515 0.00499999995291686  0.00499999995291687  0.0258399043829641
0.152 0.00499999995262584  0.00499999995262585  0.0257962246239361
0.1525 0.00499999995230596  0.00499999995230598  0.0257525275287161
0.153 0.00499999995198958  0.0049999999519896  0.0257088305873895
0.1535 0.00499999995172172  0.00499999995172174  0.0256650792980928
0.154 0.00499999995141095  0.00499999995141096  0.0256213079863202
0.1545 0.00499999995114288  0.0049999999511429  0.0255775127756683
0.155 0.00499999995085679  0.0049999999508568  0.0255336990376486
0.1555 0.00499999995055887  0.00499999995055888  0.0254898886458752
0.156 0.00499999995032254  0.00499999995032256  0.025446027314434
0.1565 0.00499999995004551  0.00499999995004553  0.0254021453775639
0.157 0.00499999994979943  0.00499999994979945  0.0253582402231854
0.1575 0.00499999994954091  0.00499999994954093  0.0253143166580025
0.158 0.00499999994927981  0.00499999994927983  0.025270395883078
0.1585 0.0049999999490767  0.00499999994907672  0.0252264292113983
0.159 0.00499999994883491  0.00499999994883493  0.0251824410648016
0.1595 0.00499999994863608  0.0049999999486361  0.0251384301836567
0.16 0.00499999994841125  0.00499999994841126  0.0250944021764921
0.1605 0.00499999994818873  0.00499999994818875  0.0250503773310329
0.161 0.00499999994802155  0.00499999994802156  0.0250063110502746
0.1615 0.00499999994782149  0.00499999994782151  0.0249622224418994
0.162 0.00499999994764951  0.00499999994764952  0.0249181118207867
0.1625 0.00499999994747271  0.00499999994747273  0.0248739839108643
0.163 0.00499999994729303  0.00499999994729304  0.0248298601601851
0.1635 0.00499999994717563  0.00499999994717565  0.0247856977189882
0.164 0.00499999994701553  0.00499999994701555  0.0247415124914347
0.1645 0.00499999994690478  0.0049999999469048  0.0246973061015405
0.165 0.00499999994678592  0.00499999994678594  0.024653083181353
0.1655 0.00499999994666689  0.00499999994666691  0.0246088650368165
0.166 0.00499999994656691  0.00499999994656693  0.0245646104245254
0.1665 0.00499999994645185  0.00499999994645187  0.0245203331417319
0.167 0.00499999994638687  0.00499999994638689  0.0244760355212674
0.1675 0.00499999994631038  0.0049999999463104  0.0244317222962275
0.168 0.00499999994622915  0.00499999994622917  0.0243874153065661
0.1685 0.00499999994620456  0.00499999994620458  0.0243430740000445
0.169 0.00499999994614814  0.00499999994614816  0.0242987102256835
0.1695 0.00499999994616922  0.00499999994616924  0.0242543266992213
0.17 0.00499999994616242  0.00499999994616244  0.0242099272077914
0.1705 0.00499999994615716  0.00499999994615718  0.0241655340704054
0.171 0.00499999994621131  0.00499999994621133  0.0241211077660032
0.1715 0.00499999994623392  0.00499999994623395  0.0240766599290438
0.172 0.00499999994630124  0.00499999994630126  0.0240321930657593
0.1725 0.00499999994636092  0.00499999994636095  0.023987711035628
0.173 0.00499999994642547  0.00499999994642549  0.0239432361315751
0.1735 0.00499999994654966  0.00499999994654968  0.0238987288654814
0.174 0.00499999994664422  0.00499999994664424  0.0238542004966248
0.1745 0.00499999994679956  0.00499999994679958  0.0238096540646544
0.175 0.00499999994694124  0.00499999994694126  0.023765094464684
0.1755 0.00499999994708158  0.0049999999470816  0.0237205434409485
0.176 0.00499999994728132  0.00499999994728135  0.0236759601709145
0.1765 0.00499999994745585  0.00499999994745587  0.0236313568541634
0.177 0.00499999994768354  0.00499999994768357  0.0235867363506994
0.1775 0.00499999994790998  0.00499999994791  0.0235421028364777
0.178 0.00499999994814292  0.00499999994814294  0.0234974779797835
0.1785 0.00499999994844283  0.00499999994844286  0.0234528201400653
0.179 0.00499999994870981  0.00499999994870983  0.0234081435473116
0.1795 0.00499999994903321  0.00499999994903323  0.0233634504880149
0.18 0.0049999999493586  0.00499999994935862  0.0233187459704809
0.1805 0.00499999994969096  0.00499999994969099  0.0232740510166272
0.181 0.00499999995009503  0.00499999995009505  0.023229322492636
0.1815 0.00499999995048136  0.00499999995048139  0.0231845762605636
0.182 0.00499999995090702  0.00499999995090704  0.0231398143686597
0.1825 0.00499999995134004  0.00499999995134007  0.0230950412741936
0.183 0.00499999995178544  0.00499999995178546  0.0230502785751589
0.1835 0.00499999995229676  0.00499999995229679  0.0230054813193528
0.184 0.00499999995279126  0.00499999995279129  0.022960668609103
0.1845 0.00499999995334233  0.00499999995334236  0.0229158410010617
0.185 0.00499999995388254  0.00499999995388256  0.0228710040238996
0.1855 0.00499999995444431  0.00499999995444433  0.0228261784284402
0.186 0.00499999995507501  0.00499999995507504  0.0227813155612747
0.1865 0.00499999995568639  0.00499999995568642  0.0227364393872524
0.187 0.00499999995634829  0.00499999995634832  0.0226915491879613
0.1875 0.00499999995701854  0.00499999995701856  0.0226466503442998
0.188 0.0049999999577004  0.00499999995770043  0.0226017635023864
0.1885 0.00499999995845929  0.00499999995845932  0.0225568388617382
0.189 0.00499999995920267  0.0049999999592027  0.0225119024012127
0.1895 0.00499999996000589  0.00499999996000592  0.0224669531364701
0.19 0.0049999999608046  0.00499999996080462  0.0224219960764227
0.1905 0.00499999996163048  0.0049999999616305  0.0223770524678216
0.191 0.00499999996251942  0.00499999996251945  0.0223320671945726
0.1915 0.00499999996340502  0.00499999996340504  0.0222870721780305
0.192 0.00499999996433987  0.0049999999643399  0.0222420642802307
0.1925 0.00499999996528162  0.00499999996528164  0.0221970508192504
0.193 0.0049999999662501  0.00499999996625013  0.0221520499802976
0.1935 0.00499999996728544  0.00499999996728547  0.0221070070251824
0.194 0.0049999999683174  0.00499999996831742  0.022061956117556
0.1945 0.00499999996940273  0.00499999996940276  0.0220168933886125
0.195 0.00499999997050174  0.00499999997050176  0.0219718261330668
0.1955 0.00499999997163392  0.00499999997163395  0.0219267704502573
0.196 0.00499999997281839  0.00499999997281842  0.0218816738688478
0.1965 0.00499999997401014  0.00499999997401016  0.0218365694925873
0.197 0.00499999997525456  0.00499999997525458  0.0217914534777276
0.1975 0.00499999997651251  0.00499999997651253  0.0217463368346756
0.198 0.00499999997781366  0.00499999997781368  0.0217012288546482
0.1985 0.00499999997915887  0.00499999997915889  0.0216560803440371
0.199 0.00499999998052329  0.00499999998052331  0.0216109250197634
0.1995 0.00499999998193347  0.00499999998193349  0.0215657569534525
0.2 0.00499999998336625  0.00499999998336627  0.02152059092883
0.2005 0.00499999998483916  0.00499999998483918  0.0214754296037212
0.201 0.00499999998635653  0.00499999998635655  0.0214302317575121
0.2015 0.00499999998790058  0.0049999999879006  0.0213850267335356
0.202 0.00499999998948829  0.00499999998948831  0.0213398099105063
0.2025 0.00499999999110644  0.00499999999110646  0.0212945986229294
0.203 0.00499999999276695  0.00499999999276697  0.0212493869321653
0.2035 0.0049999999944675  0.00499999999446752  0.021204142020025
0.204 0.00499999999620369  0.00499999999620371  0.0211588904992509
0.2045 0.0049999999979792  0.00499999999797922  0.0211136269638725
0.205 0.00499999999979343  0.00499999999979345  0.0210683721834126
0.2055 0.00500000000164797  0.00500000000164799  0.021023111498978
0.206 0.00500000000354468  0.0050000000035447  0.0209778227829275
0.2065 0.00500000000548022  0.00500000000548024  0.0209325257616082
0.207 0.00500000000745627  0.00500000000745628  0.020887219647904
0.2075 0.00500000000947684  0.00500000000947686  0.0208419242817678
0.208 0.00500000001153246  0.00500000001153247  0.02079661624849
0.2085 0.0050000000136349  0.00500000001363491  0.020751285739335
0.209 0.00500000001577653  0.00500000001577654  0.0207059452914962
0.2095 0.00500000001796353  0.00500000001796354  0.02066059802014
0.21 0.00500000002019799  0.005000000020198  0.0206152632650279
0.2105 0.00500000002246234  0.00500000002246236  0.0205699100871676
0.211 0.0050000000247848  0.00500000002478482  0.0205245394661735
0.2115 0.00500000002713739  0.0050000000271374  0.0204791582250368
0.212 0.00500000002954387  0.00500000002954388  0.0204337709463199
0.2125 0.00500000003200188  0.00500000003200189  0.0203883982579709
0.213 0.005000000034477  0.00500000003447701  0.0203430018006606
0.2135 0.00500000003703063  0.00500000003703064  0.020297591905164
0.214 0.0050000000396033  0.00500000003960331  0.0202521718260904
0.2145 0.00500000004223557  0.00500000004223557  0.0202067464802089
0.215 0.00500000004492811  0.00500000004492811  0.0201613370642097
0.2155 0.00500000004762469  0.00500000004762469  0.0201158989255163
0.216 0.0050000000504093  0.00500000005040931  0.0200704507030869
0.2165 0.00500000005321072  0.00500000005321073  0.0200249932244165
0.217 0.00500000005608208  0.00500000005608209  0.0199795318444004
0.2175 0.00500000005901659  0.00500000005901659  0.019934088078928
0.218 0.00500000006194021  0.00500000006194021  0.0198886081790401
0.2185 0.00500000006497385  0.00500000006497385  0.0198431223013181
0.219 0.0050000000680063  0.00500000006800629  0.019797627607394
0.2195 0.00500000007113003  0.00500000007113002  0.0197521314027321
0.22 0.00500000007433037  0.00500000007433036  0.0197066518769412
0.2205 0.00500000007748229  0.00500000007748228  0.0196611333968222
0.221 0.00500000008077212  0.00500000008077211  0.01961561106219
0.2215 0.00500000008404501  0.005000000084045  0.0195700800832873
0.222 0.00500000008743003  0.00500000008743002  0.019524550673017
0.2225 0.00500000009084604  0.00500000009084603  0.0194790345964412
0.223 0.00500000009426788  0.00500000009426787  0.0194334811369637
0.2235 0.00500000009779762  0.0050000000977976  0.0193879240860071
0.224 0.005000000101322  0.00500000010132198  0.0193423580167595
0.2245 0.00500000010496464  0.00500000010496462  0.0192967984704396
0.225 0.00500000010857996  0.00500000010857994  0.0192512444354266
0.2255 0.00500000011224155  0.00500000011224153  0.019205658742192
0.226 0.00500000011598889  0.00500000011598886  0.0191600690998537
0.2265 0.00500000011976915  0.00500000011976912  0.0191144697060458
0.227 0.00500000012367233  0.0050000001236723  0.0190688808822891
0.2275 0.00500000012752187  0.00500000012752184  0.019023289498488
0.228 0.00500000013144997  0.00500000013144994  0.0189776723698703
0.2285 0.00500000013543303  0.005000000135433  0.0189320495692838
0.229 0.00500000013948324  0.00500000013948321  0.0188864201414971
0.2295 0.00500000014363853  0.00500000014363849  0.0188408041233544
0.23 0.00500000014775097  0.00500000014775093  0.0187951767455256
0.2305 0.00500000015195719  0.00500000015195715  0.0187495299065194
0.231 0.00500000015620577  0.00500000015620573  0.0187038753871523
0.2315 0.00500000016053088  0.00500000016053084  0.0186582158484075
0.232 0.00500000016491996  0.00500000016491992  0.0186125721753268
0.2325 0.00500000016923343  0.00500000016923338  0.0185669086635934
0.233 0.0050000001737086  0.00500000017370855  0.0185212319294513
0.2335 0.00500000017811041  0.00500000017811036  0.0184755471016348
0.234 0.0050000001826458  0.00500000018264575  0.0184298582559166
0.2345 0.00500000018728745  0.00500000018728739  0.0183841872348986
0.235 0.00500000019179519  0.00500000019179514  0.0183384902364099
0.2355 0.00500000019652447  0.00500000019652441  0.0182927847623271
0.236 0.00500000020118757  0.00500000020118751  0.01824707203109
0.2365 0.00500000020598771  0.00500000020598765  0.0182013573756562
0.237 0.0050000002109168  0.00500000021091675  0.0181556622375397
0.2375 0.00500000021564916  0.0050000002156491  0.0181099324477791
0.238 0.0050000002206247  0.00500000022062464  0.0180641984768539
0.2385 0.00500000022552189  0.00500000022552182  0.0180184573443393
0.239 0.00500000023058476  0.0050000002305847  0.0179727167401487
0.2395 0.00500000023565936  0.00500000023565929  0.0179269940852647
0.24 0.00500000024060057  0.0050000002406005  0.0178812341743905
0.2405 0.00500000024581789  0.00500000024581783  0.0178354722569303
0.241 0.00500000025085737  0.0050000002508573  0.0177897042959277
0.2415 0.00500000025614931  0.00500000025614924  0.0177439413537557
0.242 0.00500000026140645  0.00500000026140638  0.0176981892328609
0.2425 0.00500000026660578  0.00500000026660571  0.0176524051791952
0.243 0.00500000027201611  0.00500000027201604  0.0176066195965607
0.2435 0.0050000002773492  0.00500000027734912  0.0175608243550565
0.244 0.00500000028288303  0.00500000028288296  0.0175150409315988
0.2445 0.00500000028822315  0.00500000028822307  0.0174692585539626
0.245 0.00500000029365986  0.00500000029365978  0.0174234489483241
0.2455 0.0050000002990975  0.00500000029909742  0.017377636215717
0.246 0.00500000030467888  0.0050000003046788  0.0173318168576947
0.2465 0.00500000031040356  0.00500000031040347  0.0172860122188346
0.247 0.00500000031592811  0.00500000031592802  0.0172401983157985
0.2475 0.00500000032158798  0.00500000032158789  0.0171943664200938
0.248 0.00500000032726781  0.00500000032726772  0.017148528346386
0.2485 0.00500000033305121  0.00500000033305111  0.0171026866351509
0.249 0.00500000033890063  0.00500000033890053  0.017056862115583
0.2495 0.00500000034452297  0.00500000034452287  0.0170110188978414
0.25 0.00500000035040757  0.00500000035040746  0.0169651639153268
0.2505 0.00500000035611957  0.00500000035611946  0.016919302292476
0.251 0.00500000036200598  0.00500000036200586  0.0168734377457479
0.2515 0.00500000036804353  0.00500000036804341  0.0168275925016209
0.252 0.00500000037375783  0.00500000037375772  0.0167817214489442
0.2525 0.00500000037983143  0.00500000037983131  0.0167358437587802
0.253 0.00500000038571908  0.00500000038571895  0.0166899602723943
0.2535 0.00500000039178338  0.00500000039178325  0.0166440754717649
0.254 0.00500000039791722  0.0050000003979171  0.0165982115940573
0.2545 0.00500000040366631  0.00500000040366618  0.0165523133142638
0.255 0.00500000040983327  0.00500000040983314  0.0165064128268784
0.2555 0.00500000041566633  0.0050000004156662  0.0164605068379828
0.256 0.00500000042186331  0.00500000042186317  0.016414604546331
0.2565 0.00500000042805086  0.00500000042805072  0.0163687191092116
0.257 0.00500000043395164  0.00500000043395151  0.0163227986420584
0.2575 0.00500000044014897  0.00500000044014883  0.016276877302647
0.258 0.0050000004461153  0.00500000044611516  0.016230949569739
0.2585 0.0050000004523573  0.00500000045235715  0.0161850306445932
0.259 0.00500000045833559  0.00500000045833544  0.0161391193518632
0.2595 0.00500000046431794  0.00500000046431778  0.0160931795802621
0.26 0.00500000047049566  0.00500000047049549  0.0160472385524715
0.2605 0.00500000047655969  0.00500000047655952  0.0160012905155679
0.261 0.00500000048286392  0.00500000048286375  0.0159553580476621
0.2615 0.00500000048876405  0.00500000048876387  0.0159094212425104
0.262 0.00500000049484306  0.00500000049484288  0.0158634635750677
0.2625 0.00500000050079957  0.00500000050079939  0.0158175021010818
0.263 0.00500000050688139  0.0050000005068812  0.0157715362074248
0.2635 0.00500000051308438  0.00500000051308419  0.0157255880932419
0.264 0.00500000051894261  0.00500000051894242  0.0156796250599352
0.2645 0.00500000052501386  0.00500000052501367  0.0156336498062164
0.265 0.00500000053087492  0.00500000053087472  0.0155876685321691
0.2655 0.0050000005369084  0.0050000005369082  0.0155416844930074
0.266 0.00500000054303579  0.00500000054303559  0.0154957205082581
0.2665 0.00500000054859042  0.00500000054859021  0.0154497331599075
0.267 0.00500000055462481  0.0050000005546246  0.0154037391414349
0.2675 0.00500000056031401  0.00500000056031379  0.0153577399630166
0.268 0.00500000056622709  0.00500000056622687  0.0153117408764742
0.2685 0.005000000572211  0.00500000057221078  0.0152657631821744
0.269 0.00500000057761933  0.0050000005776191  0.0152197521662331
0.2695 0.0050000005835054  0.00500000058350516  0.0151737393292106
0.27 0.00500000058890316  0.00500000058890292  0.0151277221197987
0.2705 0.00500000059464774  0.00500000059464751  0.0150817076192765
0.271 0.00500000060036438  0.00500000060036414  0.0150357115740807
0.2715 0.00500000060563491  0.00500000060563466  0.014989681172345
0.272 0.00500000061129694  0.0050000006112967  0.0149436507230541
0.2725 0.00500000061650279  0.00500000061650254  0.0148976146528074
0.273 0.00500000062203192  0.00500000062203166  0.0148515881259232
0.2735 0.00500000062712372  0.00500000062712346  0.0148055698234057
0.274 0.00500000063214482  0.00500000063214456  0.0147595238690397
0.2745 0.00500000063736748  0.00500000063736721  0.0147134773294223
0.275 0.00500000064234434  0.00500000064234407  0.0146674244036661
0.2755 0.00500000064746595  0.00500000064746567  0.0146213878366211
0.276 0.00500000065204377  0.00500000065204349  0.0145753459375223
0.2765 0.00500000065669833  0.00500000065669805  0.0145292853577743
0.277 0.00500000066122106  0.00500000066122077  0.0144832205546485
0.2775 0.00500000066581903  0.00500000066581874  0.0144371541574782
0.278 0.00500000067045936  0.00500000067045907  0.0143911060421621
0.2785 0.00500000067450686  0.00500000067450657  0.0143450419121581
0.279 0.00500000067888955  0.00500000067888925  0.0142989670038252
0.2795 0.00500000068275193  0.00500000068275163  0.0142528869207143
0.28 0.00500000068682424  0.00500000068682394  0.0142068054579921
0.2805 0.00500000075770038  0.00500000075770008  0.0141607449067532
0.281 0.0050000007215534  0.00500000072155309  0.0141146594530256
0.2815 0.00500000072044393  0.00500000072044361  0.0140685686530309
0.282 0.00500000072067717  0.00500000072067685  0.0140224738996172
0.2825 0.00500000072137556  0.00500000072137525  0.013976379662383
0.283 0.00500000072230811  0.0050000007223078  0.0139303074712046
0.2835 0.00500000072260608  0.00500000072260576  0.0138842018463334
0.284 0.0050000007236396  0.00500000072363928  0.0138380961542661
0.2845 0.00500000072403411  0.00500000072403378  0.0137919859812392
0.285 0.00500000072488579  0.00500000072488546  0.0137458815991676
0.2855 0.00500000072525069  0.00500000072525036  0.0136997922618655
0.286 0.00500000072525429  0.00500000072525396  0.0136536724979878
0.2865 0.00500000072559163  0.0050000007255913  0.0136075525819412
0.287 0.00500000072532842  0.00500000072532808  0.0135614275595067
0.2875 0.005000000725365  0.00500000072536467  0.0135153155724864
0.288 0.00500000072458417  0.00500000072458383  0.0134692071402137
0.2885 0.00500000072374637  0.00500000072374603  0.013423073564086
0.289 0.00500000072267447  0.00500000072267413  0.0133769384987635
0.2895 0.00500000072154709  0.00500000072154674  0.0133308004124163
0.29 0.00500000072050347  0.00500000072050312  0.0132846793409533
0.2905 0.00500000071858774  0.00500000071858739  0.0132385496811328
0.291 0.00500000071680454  0.00500000071680418  0.0131924047193538
0.2915 0.00500000071444157  0.00500000071444122  0.0131462551671416
0.292 0.00500000071224336  0.005000000712243  0.0131001048797095
0.2925 0.00500000070989508  0.00500000070989472  0.0130539742395892
0.293 0.00500000070676794  0.00500000070676758  0.0130078242026004
0.2935 0.00500000070386435  0.00500000070386399  0.0129616660850879
0.294 0.00500000070035102  0.00500000070035065  0.0129155035498442
0.2945 0.00500000069682871  0.00500000069682835  0.0128693416893692
0.295 0.00500000069326172  0.00500000069326135  0.0128232013565861
0.2955 0.00500000068859205  0.00500000068859168  0.0127770323074346
0.296 0.00500000068430229  0.00500000068430191  0.0127308609548626
0.2965 0.00500000067932385  0.00500000067932347  0.0126846861197417
0.297 0.00500000067440206  0.00500000067440168  0.0126385151637884
0.2975 0.00500000066912312  0.00500000066912273  0.0125923641121458
0.298 0.00500000066309181  0.00500000066309143  0.0125461803299319
0.2985 0.00500000065737153  0.00500000065737114  0.0124999977723951
0.299 0.00500000065085889  0.0050000006508585  0.0124538097608811
0.2995 0.00500000064450532  0.00500000064450494  0.0124076320630808
0.3 0.00500000063733657  0.00500000063733619  0.012361464218814
0.3005 0.00500000062982809  0.0050000006298277  0.0123152693371856
0.301 0.00500000062225826  0.00500000062225787  0.0122690748722144
0.3015 0.00500000061417613  0.00500000061417574  0.0122228749390496
0.302 0.00500000060595261  0.00500000060595222  0.0121766923422655
0.3025 0.00500000059691205  0.00500000059691166  0.0121305050164677
0.303 0.00500000058765371  0.00500000058765332  0.0120843002785775
0.3035 0.00500000057799672  0.00500000057799633  0.0120380921922336
0.304 0.00500000056810557  0.00500000056810518  0.0119918832288503
0.3045 0.00500000055786887  0.00500000055786848  0.0119456937896712
0.305 0.00500000054665837  0.00500000054665798  0.0118994883767388
0.3055 0.00500000053562441  0.00500000053562402  0.0118532737985116
0.306 0.00500000052381211  0.00500000052381172  0.0118070549544169
0.3065 0.00500000051179916  0.00500000051179877  0.0117608365019588
0.307 0.00500000049950268  0.00500000049950229  0.0117146403132152
0.3075 0.00500000048621291  0.00500000048621252  0.0116684171934028
0.308 0.00500000047294106  0.00500000047294067  0.0116221909189207
0.3085 0.00500000045887195  0.00500000045887156  0.0115759612183464
0.309 0.00500000044468566  0.00500000044468527  0.0115297350096178
0.3095 0.00500000042995226  0.00500000042995188  0.0114835306373102
0.31 0.00500000041448133  0.00500000041448095  0.0114372919756903
0.3105 0.00500000039887041  0.00500000039887003  0.0113910543619124
0.311 0.00500000038243804  0.00500000038243766  0.0113448138650733
0.3115 0.00500000036586052  0.00500000036586014  0.0112985817652042
0.312 0.0050000003492963  0.00500000034929592  0.0112523625681837
0.3125 0.0050000003314785  0.00500000033147812  0.0112061146914289
0.313 0.00500000031328511  0.00500000031328474  0.0111598676598974
0.3135 0.00500000029454943  0.00500000029454906  0.0111136156125017
0.314 0.00500000027544644  0.00500000027544607  0.0110673798025682
0.3145 0.00500000025568752  0.00500000025568715  0.01102114248662
0.315 0.00500000023533778  0.00500000023533742  0.0109748856644308
0.3155 0.00500000021441655  0.00500000021441619  0.0109286270635766
0.316 0.00500000019302225  0.00500000019302189  0.0108823658969937
0.3165 0.00500000017109206  0.0050000001710917  0.0108361245380218
0.317 0.00500000014849057  0.00500000014849022  0.0107898691528935
0.3175 0.00500000012535361  0.00500000012535326  0.0107436037627991
0.318 0.00500000010156986  0.00500000010156952  0.0106973344145267
0.3185 0.00500000007726436  0.00500000007726402  0.0106510648737301
0.319 0.00500000005236429  0.00500000005236395  0.0106048179920337
0.3195 0.0050000000267909  0.00500000002679057  0.0105585457060729
0.32 0.00500000000062809  0.00500000000062777  0.0105122698654574
0.3205 0.00499999997385932  0.004999999973859  0.0104659913835361
0.321 0.00499999994646727  0.00499999994646696  0.010419714544756
0.3215 0.00499999991839507  0.00499999991839476  0.0103734608336021
0.322 0.00499999988974569  0.00499999988974538  0.0103271738067096
0.3225 0.00499999986036646  0.00499999986036617  0.0102808878438042
0.323 0.00499999983049732  0.00499999983049703  0.0102345988925607
0.3235 0.00499999979981711  0.00499999979981683  0.0101883178989153
0.324 0.00499999976848782  0.00499999976848754  0.0101420510031047
0.3245 0.00499999973655319  0.00499999973655292  0.010095755426939
0.325 0.00499999970400222  0.00499999970400196  0.0100494611651582
0.3255 0.0049999996707188  0.00499999967071855  0.0100031615489501
0.326 0.00499999963653511  0.00499999963653487  0.0099568775757018
0.3265 0.00499999960190247  0.00499999960190223  0.00991059448163608
0.327 0.00499999956648745  0.00499999956648722  0.00986429117576645
0.3275 0.00499999953063546  0.00499999953063524  0.00981798633103478
0.328 0.00499999949382304  0.00499999949382282  0.00977167932942006
0.3285 0.00499999945612207  0.00499999945612187  0.0097253922208421
0.329 0.00499999941798466  0.00499999941798446  0.00967909204442473
0.3295 0.00499999937885516  0.00499999937885498  0.0096327818656103
0.33 0.00499999933953393  0.00499999933953375  0.00958646793250463
0.3305 0.00499999929906519  0.00499999929906502  0.00954015416222126
0.331 0.00499999925759877  0.00499999925759861  0.00949386323841447
0.3315 0.00499999921594228  0.00499999921594213  0.00944754759789615
0.332 0.00499999917299685  0.00499999917299671  0.00940122855833874
0.3325 0.00499999913007488  0.00499999913007475  0.00935490712198176
0.333 0.00499999908568459  0.00499999908568446  0.00930858760643434
0.3335 0.00499999904014673  0.00499999904014661  0.00926229147666486
0.334 0.00499999899496678  0.00499999899496668  0.00921596227215081
0.3345 0.00499999894806121  0.00499999894806112  0.00916963440830572
0.335 0.00499999890137493  0.00499999890137485  0.0091233038449855
0.3355 0.00499999885291888  0.00499999885291881  0.00907698153845568
0.336 0.00499999880393663  0.00499999880393658  0.00903067332110026
0.3365 0.00499999875456548  0.00499999875456544  0.0089843366426805
0.337 0.00499999870415964  0.00499999870415963  0.00893800146345713
0.3375 0.00499999865305007  0.00499999865305006  0.00889166135096844
0.338 0.00499999860050817  0.00499999860050818  0.00884533778277626
0.3385 0.00499999854769482  0.00499999854769484  0.00879901350791928
0.339 0.00499999849408651  0.00499999849408655  0.00875267014772243
0.3395 0.00499999843995854  0.00499999843995859  0.00870632557556516
0.34 0.00499999838455164  0.0049999983845517  0.00865997893674388
0.3405 0.00499999832801036  0.00499999832801044  0.00861365270200837
0.341 0.0049999982710269  0.00499999827102699  0.00856731265666546
0.3415 0.00499999821286116  0.00499999821286127  0.00852096335400444
0.342 0.00499999815484903  0.00499999815484917  0.00847461070405722
0.3425 0.00499999809530085  0.00499999809530101  0.00842825888056867
0.343 0.00499999803433665  0.00499999803433683  0.00838193022550092
0.3435 0.00499999797438015  0.00499999797438035  0.00833557607018689
0.344 0.00499999791180849  0.00499999791180871  0.00828921923214057
0.3445 0.00499999785003792  0.00499999785003816  0.00824285983623238
0.345 0.00499999778588118  0.00499999778588144  0.00819650466862689
0.3455 0.0049999977211807  0.00499999772118098  0.00815017220203113
0.346 0.00499999765688937  0.00499999765688966  0.00810380622266889
0.3465 0.00499999758992033  0.00499999758992065  0.00805744210614821
0.347 0.00499999752415227  0.00499999752415261  0.00801107582482121
0.3475 0.00499999745542154  0.00499999745542191  0.00796471896452079
0.348 0.00499999738740242  0.00499999738740281  0.00791837513142983
0.3485 0.00499999731853993  0.00499999731854034  0.00787200366915882
0.349 0.00499999724812124  0.00499999724812167  0.00782563379031594
0.3495 0.0049999971774707  0.00499999717747116  0.00777925965026345
0.35 0.00499999710485749  0.00499999710485797  0.00773290310567633
0.3505 0.00499999703361581  0.00499999703361631  0.00768654329055558
0.351 0.00499999696074944  0.00499999696074997  0.0076401665427732
0.3515 0.004999996887212  0.00499999688721255  0.00759378765082023
0.352 0.00499999681206657  0.00499999681206716  0.00754740898110582
0.3525 0.00499999673576195  0.00499999673576256  0.00750105090838824
0.353 0.00499999666176534  0.00499999666176597  0.00745467770160057
0.3535 0.00499999658346049  0.00499999658346115  0.00740829658609584
0.354 0.00499999650668677  0.00499999650668746  0.00736191232745668
0.3545 0.00499999642784512  0.00499999642784583  0.00731552935454123
0.355 0.00499999634741957  0.0049999963474203  0.00726916989661361
0.3555 0.00499999627009087  0.00499999627009163  0.00722278425893195
0.356 0.00499999618791549  0.00499999618791628  0.0071763972724099
0.3565 0.00499999610766591  0.00499999610766673  0.00713000765034053
0.357 0.00499999602446804  0.00499999602446889  0.00708362280290112
0.3575 0.00499999594102881  0.00499999594102969  0.00703725953662708
0.358 0.00499999585934674  0.00499999585934765  0.00699086483300838
0.3585 0.00499999577308349  0.00499999577308444  0.00694447263149857
0.359 0.00499999568909772  0.00499999568909871  0.00689807625038496
0.3595 0.00499999560125824  0.00499999560125925  0.00685169156602558
0.36 0.00499999551552714  0.00499999551552819  0.00680531755539843
0.3605 0.00499999542903338  0.00499999542903446  0.0067589181122284
0.361 0.00499999533964972  0.00499999533965085  0.00671252016724548
0.3615 0.00499999525123587  0.00499999525123703  0.00666611782693103
0.362 0.00499999515964037  0.00499999515964156  0.00661973372967436
0.3625 0.00499999507083686  0.0049999950708381  0.00657334457558994
0.363 0.00499999497972528  0.00499999497972654  0.00652694102957739
0.3635 0.0049999948889732  0.0049999948889745  0.00648053453244548
0.364 0.00499999479658356  0.00499999479658489  0.00643412909110625
0.3645 0.00499999470224719  0.00499999470224856  0.0063877447907443
0.365 0.00499999461157843  0.00499999461157983  0.00634134303307872
0.3655 0.00499999451655083  0.00499999451655226  0.00629493498128502
0.366 0.00499999443971257  0.00499999443971404  0.00624852414820828
0.3665 0.00499999434182223  0.00499999434182374  0.00620211554809225
0.367 0.00499999424346368  0.00499999424346522  0.00615573118582638
0.3675 0.00499999415139018  0.00499999415139176  0.00610931686738509
0.368 0.00499999405343367  0.00499999405343529  0.00606290301525761
0.3685 0.00499999395982107  0.00499999395982273  0.00601648740383943
0.369 0.00499999386141114  0.00499999386141283  0.00597007707661977
0.3695 0.00499999376051774  0.00499999376051947  0.00592368724667961
0.37 0.00499999366502908  0.00499999366503085  0.00587726582508363
0.3705 0.00499999356474039  0.0049999935647422  0.00583084684425386
0.371 0.00499999349322993  0.00499999349323178  0.00578442499101216
0.3715 0.00499999338455571  0.0049999933845576  0.00573801725351602
0.372 0.00499999328013757  0.00499999328013951  0.00569161648639079
0.3725 0.00499999317455495  0.00499999317455693  0.00564519213220283
0.373 0.00499999306852327  0.00499999306852529  0.00559876831924797
0.3735 0.00499999296079603  0.00499999296079809  0.00555234336621163
0.374 0.00499999285132545  0.00499999285132756  0.00550593800801069
0.3745 0.00499999274736079  0.00499999274736294  0.00545952443634646
0.375 0.0049999926387016  0.00499999263870381  0.00541309895418413
0.3755 0.00499999253330286  0.00499999253330511  0.00536667098130007
0.376 0.00499999242488752  0.00499999242488981  0.00532024426497661
0.3765 0.00499999231524774  0.00499999231525008  0.00527384046065237
0.377 0.00499999224316862  0.004999992243171  0.00522741674912428
0.3775 0.00499999204840506  0.00499999204840749  0.00518098896576421
0.378 0.00499999187597825  0.00499999187598072  0.00513455924121742
0.3785 0.00499999170511013  0.00499999170511266  0.00508813257193805
0.379 0.00499999153454419  0.00499999153454677  0.0050417306587554
0.3795 0.00499999137312889  0.00499999137313151  0.004995297991715
0.38 0.00499999120287638  0.00499999120287905  0.00494886767986356
0.3805 0.00499999103958719  0.0049999910395899  0.00490243528493295
0.381 0.00499999086978916  0.00499999086979193  0.00485601156293116
0.3815 0.00499999070349644  0.00499999070349925  0.00480960462767639
0.382 0.00499999054055627  0.00499999054055912  0.00476317047650914
0.3825 0.00499999037313626  0.00499999037313918  0.00471673935488371
0.383 0.00499999021073376  0.00499999021073672  0.00467030431071247
0.3835 0.00499999004134058  0.00499999004134358  0.00462388637211342
0.384 0.00499998984691393  0.00499998984691699  0.00457747143460417
0.3845 0.00499998969344115  0.00499998969344426  0.00453103784123809
0.385 0.00499998954076403  0.00499998954076719  0.0044846045727765
0.3855 0.00499998938096922  0.00499998938097243  0.00443817094404556
0.386 0.00499998921947459  0.00499998921947785  0.00439175928081495
0.3865 0.00499998906272212  0.00499998906272544  0.00434533608705381
0.387 0.00499998890233859  0.00499998890234196  0.00429890526455381
0.3875 0.0049999887486278  0.00499998874863122  0.004252473071835
0.388 0.00499998859097364  0.00499998859097711  0.00420604356118932
0.3885 0.00499998843048968  0.0049999884304932  0.00415963924383029
0.389 0.00499998828184304  0.00499998828184661  0.00411321146061415
0.3895 0.00499998812349888  0.0049999881235025  0.00406678322605438
0.39 0.00499998797481634  0.00499998797482002  0.00402035480420596
0.3905 0.00499998781824843  0.00499998781825215  0.00397393315699168
0.391 0.00499998766407744  0.00499998766408122  0.00392753687131927
0.3915 0.00499998751900475  0.00499998751900858  0.00388110995492561
0.392 0.00499998736452518  0.00499998736452908  0.00383468813361441
0.3925 0.00499998722149341  0.00499998722149735  0.00378826705697241
0.393 0.00499998706898628  0.00499998706899028  0.00374185915943127
0.3935 0.00499998692752339  0.00499998692752744  0.00369546645076673
0.394 0.00499998678761489  0.00499998678761899  0.00364905071390637
0.3945 0.00499998664312365  0.00499998664312781  0.00360264016244894
0.395 0.00499998650319275  0.00499998650319695  0.00355622922743384
0.3955 0.00499998635955646  0.00499998635956072  0.00350984116516508
0.396 0.00499998622681577  0.00499998622682007  0.00346345441848754
0.3965 0.00499998609107192  0.00499998609107626  0.00341705707927665
0.397 0.00499998595729097  0.00499998595729537  0.00337066286145107
0.3975 0.00499998582217455  0.00499998582217901  0.00332427378420786
0.398 0.00499998568685623  0.00499998568686074  0.00327791131615252
0.3985 0.00499998556597782  0.00499998556598237  0.00323153887397574
0.399 0.00499998543173439  0.004999985431739  0.00318516560051074
0.3995 0.00499998530942309  0.00499998530942774  0.00313879622339252
0.4 0.00499998518268225  0.00499998518268696  0.00309243523788408
0.4005 0.00499998505380614  0.0049999850538109  0.00304610649900632
0.401 0.00499998494366394  0.00499998494366874  0.00299976058311698
0.4015 0.00499998481870395  0.00499998481870881  0.00295342366906601
0.402 0.00499998470626866  0.00499998470627356  0.00290709393019612
0.4025 0.00499998458733981  0.00499998458734476  0.00286077871599656
0.403 0.00499998447195444  0.00499998447195945  0.00281449572514733
0.4035 0.00499998436924473  0.00499998436924979  0.00276819251258777
0.404 0.0049999842541826  0.00499998425418771  0.00272190434512411
0.4045 0.00499998415324346  0.00499998415324861  0.00267562575088421
0.405 0.00499998404293256  0.00499998404293776  0.00262937445446001
0.4055 0.00499998394610064  0.0049999839461059  0.00258315215595377
0.406 0.00499998385237682  0.00499998385238211  0.00253692371759489
0.4065 0.00499998375426532  0.00499998375427067  0.00249071719951422
0.407 0.00499998366252129  0.00499998366252668  0.00244452570220163
0.4075 0.00499998356888801  0.00499998356889345  0.0023983733189061
0.408 0.00499998349049634  0.00499998349050182  0.0023522393557528
0.4085 0.0049999834107246  0.00499998341073013  0.00230611307617348
0.409 0.00499998333556323  0.00499998333556881  0.00226001170435529
0.4095 0.00499998326033825  0.00499998326034387  0.00221394049023763
0.41 0.00499998318705386  0.00499998318705952  0.0021679257397214
0.4105 0.00499998313516171  0.00499998313516739  0.00212193772026927
0.411 0.00499998306970744  0.00499998306971317  0.00207598466023454
0.4115 0.00499998305833012  0.00499998305833588  0.00203007304412112
0.412 0.00499998299513759  0.00499998299514339  0.00198420455475871
0.4125 0.00499998286571975  0.00499998286572557  0.00193840585585259
0.413 0.00499998285720524  0.00499998285721109  0.00189263205633305
0.4135 0.00499998280698831  0.0049999828069942  0.00184690905589016
0.414 0.00499998276899785  0.00499998276900377  0.0018012487710572
0.4145 0.00499998272754152  0.00499998272754747  0.00175566546393359
0.415 0.00499998268915502  0.00499998268916101  0.00171019966578163
0.4155 0.00499998267312377  0.00499998267312977  0.00166480948915567
0.416 0.00499998264870287  0.0049999826487089  0.00161953107371756
0.4165 0.00499998264026462  0.00499998264027067  0.00157435818689847
0.417 0.00499998262974094  0.00499998262974702  0.00152929292352301
0.4175 0.0049999826119387  0.0049999826119448  0.0014843646869929
0.418 0.00499998263556042  0.00499998263556654  0.00143951919333124
0.4185 0.00499998264681876  0.0049999826468249  0.00139481531601113
0.419 0.00499998268006232  0.00499998268006847  0.00135029472885233
0.4195 0.00499998270431262  0.0049999827043188  0.00130601782062838
0.42 0.00499998274069564  0.00499998274070183  0.00126206925331118
0.4205 0.00499998279894555  0.00499998279895174  0.00121844576812642
0.421 0.00499998285557305  0.00499998285557924  0.00117517595972825
0.4215 0.00499998293017484  0.00499998293018103  0.001132195132565
0.422 0.0049999830106272  0.00499998301063339  0.00108944003935882
0.4225 0.00499998310224016  0.00499998310224634  0.00104690608708411
0.423 0.0049999832576195  0.00499998325762566  0.00100451544184389
0.4235 0.00499998339714246  0.00499998339714861  0.0009623992720787
0.424 0.00499998356498697  0.00499998356499308  0.000920850678465162
0.4245 0.00499998372455728  0.00499998372456337  0.000880264233328073
0.425 0.00499998387980246  0.00499998387980852  0.000840988432534271
0.4255 0.00499998400071894  0.00499998400072499  0.000847340893958729
0.426 0.00499998415564345  0.00499998415564948  0.000862751393869163
0.4265 0.00499998430928515  0.00499998430929116  0.000876236461063348
0.427 0.00499998446561573  0.00499998446562171  0.000888541441955146
0.4275 0.00499998463028179  0.00499998463028775  0.000899904511273398
0.428 0.00499998480071861  0.00499998480072453  0.000910444818409189
0.4285 0.00499998497699112  0.00499998497699701  0.000920232449147125
0.429 0.00499998515738298  0.00499998515738883  0.000929313488009406
0.4295 0.00499998537224007  0.00499998537224589  0.000937736101113784
0.43 0.00499998558440269  0.00499998558440847  0.000945545597755379
0.4305 0.00499998580038167  0.00499998580038742  0.000952775907858502
0.431 0.00499998601119915  0.00499998601120486  0.00095946223094021
0.4315 0.00499998621783166  0.00499998621783734  0.000965635139447989
0.432 0.00499998642309752  0.00499998642310315  0.000971316832343987
0.4325 0.00499998662929581  0.0049999866293014  0.000976526452457097
0.433 0.00499998683395153  0.00499998683395707  0.00098127473723952
0.4335 0.00499998703402588  0.00499998703403139  0.000985570141037186
0.434 0.00499998723025823  0.0049999872302637  0.000989424219449923
0.4345 0.00499998742322003  0.00499998742322547  0.000992847917477723
0.435 0.00499998761353632  0.00499998761354172  0.000995850776057743
0.4355 0.00499998780150634  0.00499998780151171  0.000998441728129659
0.436 0.00499998798728948  0.00499998798729481  0.00100062907425088
0.4365 0.00499998817094988  0.00499998817095518  0.00100242040278333
0.437 0.0049999883524766  0.00499998835248186  0.00100382272110212
0.4375 0.00499998853183375  0.00499998853183898  0.00100484260757892
0.438 0.00499998870897493  0.00499998870898013  0.00100548631728647
0.4385 0.00499998888385609  0.00499998888386125  0.00100575988035132
0.439 0.00499998905646559  0.00499998905647073  0.00100566922069692
0.4395 0.00499998922682168  0.00499998922682679  0.00100522024976419
0.44 0.00499998939491384  0.00499998939491893  0.00100441889685936
0.4405 0.00499998956072565  0.00499998956073071  0.00100327113326044
0.441 0.00499998972424978  0.00499998972425481  0.00100178299500196
0.4415 0.00499998988549792  0.00499998988550293  0.000999960595916969
0.442 0.00499999004448767  0.00499999004449265  0.000997810138176519
0.4425 0.00499999020123851  0.00499999020124347  0.000995337918271272
0.443 0.00499999035575584  0.00499999035576078  0.000992550326100951
0.4435 0.00499999050802754  0.00499999050803245  0.000989453816212225
0.444 0.00499999065798987  0.00499999065799477  0.00098605488289239
0.4445 0.00499999080533716  0.00499999080534205  0.000982360299402358
0.445 0.00499999094984245  0.00499999094984732  0.000978376908622938
0.4455 0.00499999107538333  0.00499999107538818  0.000974111112979033
0.446 0.0049999912005651  0.00499999120056995  0.000969568556607362
0.4465 0.004999991319897  0.00499999131990183  0.000964755182725453
0.447 0.00499999143706586  0.00499999143707068  0.0009596798196759
0.4475 0.00499999155357251  0.00499999155357732  0.000954352372882005
0.448 0.00499999166996172  0.00499999166996652  0.000948782172012764
0.4485 0.0049999917854735  0.00499999178547828  0.000942977602706144
0.449 0.00499999189585299  0.00499999189585777  0.000936955454364421
0.4495 0.00499999200588878  0.00499999200589355  0.00093073492894334
0.45 0.00499999211579596  0.00499999211580073  0.000924332016698145
0.4505 0.00499999222411318  0.00499999222411793  0.000917764773517179
0.451 0.00499999233082808  0.00499999233083282  0.000911056303826952
0.4515 0.00499999243545895  0.00499999243546369  0.000904229079898447
0.452 0.00499999253943117  0.00499999253943591  0.000897301011885818
0.4525 0.00499999264287456  0.0049999926428793  0.000890285332371095
0.453 0.00499999274551305  0.00499999274551779  0.000883195949948564
0.4535 0.00499999284819283  0.00499999284819757  0.000876046943136865
0.454 0.00499999295063791  0.00499999295064265  0.000868850956392569
0.4545 0.00499999305204955  0.00499999305205428  0.000861624272443166
0.455 0.00499999315448386  0.00499999315448859  0.000854381713648285
0.4555 0.00499999325845574  0.00499999325846047  0.000847130218797829
0.456 0.00499999336356605  0.00499999336357078  0.000839875543278522
0.4565 0.00499999344660196  0.0049999934466067  0.000834832137537698
0.457 0.00499999352891354  0.00499999352891828  0.000838547146399294
0.4575 0.00499999361350878  0.00499999361351352  0.000841382814669442
0.458 0.0049999937029246  0.00499999370292933  0.000843731794709742
0.4585 0.00499999379341176  0.0049999937934165  0.000845664210603256
0.459 0.00499999388427232  0.00499999388427706  0.000847213141500794
0.4595 0.00499999397533454  0.00499999397533928  0.000848400628630348
0.46 0.00499999406659113  0.00499999406659587  0.000849244410436377
0.4605 0.00499999415805539  0.00499999415806013  0.00084976007374332
0.461 0.00499999424971792  0.00499999424972266  0.000849961748908493
0.4615 0.0049999943415745  0.00499999434157924  0.000849862527853109
0.462 0.00499999443361061  0.00499999443361536  0.000849474780020342
0.4625 0.00499999452582916  0.0049999945258339  0.000848810336916027
0.463 0.00499999461823324  0.00499999461823799  0.000847880616949814
0.4635 0.00499999471080982  0.00499999471081457  0.000846696721540524
0.464 0.00499999480355164  0.00499999480355639  0.000845269477971014
0.4645 0.00499999489647517  0.00499999489647993  0.000843609426731418
0.465 0.00499999498958701  0.00499999498959177  0.000841726837124596
0.4655 0.00499999508287816  0.00499999508288292  0.000839631686586248
0.466 0.00499999517632454  0.00499999517632931  0.000837333611607662
0.4665 0.0049999952667226  0.00499999526672737  0.000834845896952551
0.467 0.00499999537544238  0.00499999537544716  0.00083581256302832
0.4675 0.00499999548846958  0.00499999548847436  0.000836746059805253
0.468 0.00499999559696644  0.00499999559697123  0.000837322310703964
0.4685 0.00499999570341762  0.00499999570342241  0.000837580573200444
0.469 0.00499999580931165  0.00499999580931644  0.000837541204817648
0.4695 0.00499999591514405  0.00499999591514885  0.000837219421676896
0.47 0.00499999602112211  0.00499999602112691  0.000836628257538136
0.4705 0.00499999612772835  0.00499999612773315  0.000835779312259964
0.471 0.00499999624469778  0.00499999624470259  0.000834808367646723
0.4715 0.00499999635966284  0.00499999635966766  0.000835378657187449
0.472 0.0049999964732321  0.00499999647323692  0.000835595384013448
0.4725 0.00499999658676139  0.00499999658676622  0.000835508538099006
0.473 0.00499999670048463  0.00499999670048946  0.000835139339483258
0.4735 0.00499999681692425  0.00499999681692908  0.0008350268973013
0.474 0.0049999969327327  0.00499999693273754  0.000835147768692236
0.4745 0.00499999704912442  0.00499999704912926  0.000834968097749107
0.475 0.00499999716750698  0.00499999716751182  0.000835026773319319
0.4755 0.00499999728611305  0.0049999972861179  0.000834950433022924
0.476 0.00499999740545618  0.00499999740546103  0.000834987413798612
0.4765 0.00499999752524949  0.00499999752525434  0.00083498283105884
0.477 0.00499999764553635  0.0049999976455412  0.000834971507556711
0.4775 0.00499999776634737  0.00499999776635223  0.000834975376488251
0.478 0.00499999788768558  0.00499999788769044  0.000834977964391078
0.4785 0.00499999800954928  0.00499999800955415  0.000834976132281223
0.479 0.00499999813194405  0.00499999813194891  0.000834975718514818
0.4795 0.00499999825487634  0.0049999982548812  0.000834976430683987
0.48 0.00499999837834965  0.00499999837835451  0.000834976428803712
0.4805 0.00499999850236793  0.0049999985023728  0.000834976227735135
0.481 0.00499999862693504  0.00499999862693991  0.000834976302666454
0.4815 0.00499999875205232  0.00499999875205719  0.00083497637843451
0.482 0.00499999887771978  0.00499999887772465  0.000834976364761393
0.4825 0.00499999900393671  0.00499999900394159  0.00083497637145202
0.483 0.00499999913070218  0.00499999913070705  0.000834976402118177
0.4835 0.00499999925801484  0.00499999925801972  0.00083497642036723
0.484 0.00499999938587198  0.00499999938587686  0.000834976433621712
0.4845 0.00499999951427149  0.00499999951427637  0.000834976451879291
0.485 0.00499999964321182  0.0049999996432167  0.000834976470383017
0.4855 0.00499999977268933  0.00499999977269422  0.000834976486949881
0.486 0.00499999990270087  0.00499999990270575  0.000834976503751591
0.4865 0.005000000033242  0.00500000003324689  0.000834976520922359
0.487 0.0050000001643099  0.00500000016431478  0.000834976537956953
0.4875 0.00500000029590047  0.00500000029590535  0.000834976554733815
0.488 0.00500000042800851  0.00500000042801339  0.000834976571477957
0.4885 0.0050000005606298  0.00500000056063468  0.000834976588121954
0.489 0.0050000006937604  0.00500000069376527  0.000834976604637839
0.4895 0.00500000082739881  0.00500000082740369  0.000834976621043889
0.49 0.00500000096154393  0.00500000096154881  0.000834976637395136
0.4905 0.00500000109619111  0.00500000109619599  0.0008349766535932
0.491 0.00500000123133509  0.00500000123133996  0.000834976669642328
0.4915 0.00500000136697135  0.00500000136697622  0.000834976685588514
0.492 0.00500000150309537  0.00500000150310023  0.000834976701470086
0.4925 0.00500000163970053  0.0050000016397054  0.000834976717219141
0.493 0.00500000177678158  0.00500000177678644  0.000834976732780494
0.4935 0.00500000191433242  0.00500000191433727  0.000834976748238833
0.494 0.00500000205234781  0.00500000205235266  0.00083497676363497
0.4945 0.00500000219082313  0.00500000219082797  0.000834976778941698
0.495 0.00500000232975241  0.00500000232975726  0.000834976794078429
0.4955 0.00500000246912801  0.00500000246913286  0.000834976809159071
0.496 0.00500000260894535  0.00500000260895019  0.000834976824115279
0.4965 0.00500000274920001  0.00500000274920485  0.000834976838919051
0.497 0.0050000028898861  0.00500000288989094  0.00083497685355207
0.4975 0.005000003030998  0.00500000303100284  0.000834976868113204
0.498 0.00500000317253112  0.00500000317253595  0.000834976882590293
0.4985 0.00500000331447948  0.00500000331448431  0.000834976896890558
0.499 0.00500000345683875  0.00500000345684358  0.00083497691104113
0.4995 0.00500000359960368  0.0050000035996085  0.00083497692514991
0.5 0.00500000374276748  0.0050000037427723  0.000834976939076145
