#
0.0005 4.30199727691284e-11 4.30199723398163e-11 -0.00102417256218084
0.001 3.43179330526499e-12 3.43178726839387e-12 -0.00166670048625768
0.0015 2.89280234073154e-11 2.89280152600653e-11 -0.00231002557291477
0.002 2.0628836709652e-11 2.06288287969241e-11 -0.00295199789350163
0.0025 2.92224049150719e-11 2.92223958686751e-11 -0.00359232923428425
0.003 2.59923581868183e-12 2.59921920301105e-12 -0.004231043770667
0.0035 3.12351026420849e-11 3.1235085244969e-11 -0.0048683000656776
0.004 4.10941371148001e-11 4.10941168428444e-11 -0.00550436105048873
0.0045 4.52356538195777e-11 4.5235631964849e-11 -0.00613941322636819
0.005 4.63943127109826e-11 4.63942858983144e-11 -0.00677380835185404
0.0055 3.43928038621593e-11 3.43927733145857e-11 -0.00740844407764266
0.006 3.70550468902616e-11 3.70550136969836e-11 -0.00804605178432786
0.0065 3.14255935425351e-11 3.14255590518303e-11 -0.00868406251927176
0.007 3.14782546458643e-11 3.14782171064336e-11 -0.00932003439107683
0.0075 1.12797224488826e-11 1.12796845754792e-11 -0.00995424642298136
0.008 4.80743965333211e-12 4.80740021153744e-12 -0.0105879469238607
0.0085 9.01811560090352e-12 9.01807289830702e-12 -0.0112256606078999
0.009 2.96650433475148e-11 2.96650012856687e-11 -0.0118627652332518
0.0095 3.17137170891858e-11 3.17136701736239e-11 -0.012491276301923
0.01 3.19968794513659e-11 3.19968315541088e-11 -0.0131103787770002
0.0105 3.34260553880414e-11 3.34260049731207e-11 -0.0137265761047991
0.011 2.36306548728581e-11 2.36306016128562e-11 -0.0143300888663828
0.0115 2.10655118003041e-11 2.10654558670677e-11 -0.0149197067519345
0.012 2.91453382775227e-11 2.91452788949836e-11 -0.0155011207413616
0.0125 1.45200445906737e-11 1.45199837323065e-11 -0.0160832887645256
0.013 3.14521153154642e-11 3.14520486778115e-11 -0.0166624071952595
0.0135 3.10851031403366e-11 3.10850345279165e-11 -0.0172381830560876
0.014 -6.55792087179384e-12 -6.55799078197775e-12 -0.0178099232609598
0.0145 9.5997426005496e-12 9.59967108641766e-12 -0.0183775133131657
0.015 -6.7656787437129e-12 -6.76575218434236e-12 -0.0189581603792633
0.0155 -1.90897248773501e-11 -1.90897968161918e-11 -0.0195505353614657
0.016 -2.37320237578073e-11 -2.37321009877284e-11 -0.0201475072226727
0.0165 -2.38208814035266e-11 -2.38209574833541e-11 -0.0207617941796094
0.017 -1.51606094708676e-11 -1.51606861312774e-11 -0.0213519579706089
0.0175 -1.24367392653002e-11 -1.24368190612738e-11 -0.0219379484310093
0.018 2.19824621099539e-12 2.19816848165887e-12 -0.0225025123617885
0.0185 2.15434178890404e-11 2.15433516106923e-11 -0.0230586513527172
0.019 1.23749850265716e-11 1.23749140969182e-11 -0.0236151976409991
0.0195 7.01657995735494e-12 7.01650846373056e-12 -0.0241778572620049
0.02 -2.0271161163635e-11 -2.02712422217075e-11 -0.0247495279387588
0.0205 3.30436044446925e-12 3.30428476944641e-12 -0.0253167444887993
0.021 -4.01130916000138e-11 -4.01131748443177e-11 -0.0258870107831419
0.0215 -2.60803319876483e-11 -2.60804163273551e-11 -0.0264435491438551
0.022 -2.53736590784489e-11 -2.53737455764309e-11 -0.0269866183528463
0.0225 -6.95467061423142e-11 -6.95467904616239e-11 -0.0275123758019257
0.023 -5.95605887190712e-11 -5.95606713272282e-11 -0.0280378847343048
0.0235 -5.53958528427274e-11 -5.53959361690156e-11 -0.0285544506609154
0.024 -1.50656424674263e-12 -1.50664426662344e-12 -0.029070381939565
0.0245 -4.8330679664801e-11 -4.83307567022441e-11 -0.0296133650568107
0.025 -2.87135800331802e-11 -2.87136499778419e-11 -0.0301671912724434
0.0255 -4.67161162040307e-11 -4.67161872872991e-11 -0.0307344897510317
0.026 -4.81947166393677e-11 -4.81947864259305e-11 -0.0312750438944562
0.0265 -5.07879712843977e-11 -5.07880400470792e-11 -0.0317894404337335
0.027 -6.9343347527968e-11 -6.93434153916462e-11 -0.0323035181359597
0.0275 -8.03095859675942e-11 -8.03096517005418e-11 -0.0328332434939912
0.028 -5.38814436696498e-11 -5.38815069684732e-11 -0.0333578230693282
0.0285 -6.6493314398893e-11 -6.64933760283631e-11 -0.0338957418556447
0.029 -6.70037995554516e-11 -6.70038596279609e-11 -0.0344027990605317
0.0295 -4.34832214030137e-11 -4.34832835888449e-11 -0.034891909005648
0.03 -5.61179823184836e-11 -5.61180420798156e-11 -0.0353786969088517
0.0305 -5.5860616681477e-11 -5.5860675797173e-11 -0.0358570853037627
0.031 -5.7051575130896e-11 -5.70516428779847e-11 -0.0363415062234086
0.0315 -6.41477371656054e-11 -6.41477932179904e-11 -0.0368430674041114
0.032 -8.29727864165088e-11 -8.29728381026047e-11 -0.0373925865491031
0.0325 -7.40805227850493e-11 -7.40805776608469e-11 -0.0378974157256144
0.033 -6.30082729692852e-11 -6.30083290756466e-11 -0.038373370473124
0.0335 -5.1733826771987e-11 -5.17338831042799e-11 -0.0388586921094732
0.034 -6.18571101128533e-11 -6.18571634718402e-11 -0.0393559305426287
0.0345 -7.5905913024298e-11 -7.59059660979461e-11 -0.0398488017227692
0.035 -4.68576609990403e-11 -4.68577135863911e-11 -0.0403234481383352
0.0355 -6.46136256156996e-11 -6.46136828825626e-11 -0.0407837296939934
0.036 -6.68954564881562e-11 -6.68955119409419e-11 -0.0412335722787012
0.0365 -5.29256597553765e-11 -5.29257117765068e-11 -0.0416708247857611
0.037 -5.45756705006498e-11 -5.45757209100555e-11 -0.0421467573534239
0.0375 -5.80922354615543e-11 -5.80922877031826e-11 -0.0426559402998491
0.038 -7.49331664453831e-11 -7.49332185738593e-11 -0.0431335122297096
0.0385 -6.94861113429215e-11 -6.94861643393526e-11 -0.0435766312095076
0.039 -6.53891440848651e-11 -6.53892021830778e-11 -0.0440380128236079
0.0395 -7.462648421237e-11 -7.46265353202792e-11 -0.0444988018520282
0.04 -1.11906794245786e-10 -1.11906848774334e-10 -0.0449607926403071
0.0405 -1.03370474419432e-10 -1.03370527763198e-10 -0.045396862519138
0.041 -8.11284373428212e-11 -8.11284861196847e-11 -0.0458130010054665
0.0415 -5.04786896750496e-11 -5.04787396214887e-11 -0.0462162949347331
0.042 -7.01681307868072e-11 -7.01681784522465e-11 -0.0466567693297968
0.0425 -3.21588626404894e-11 -3.21589114693152e-11 -0.0471340406071208
0.043 -3.82858708710613e-11 -3.82859164228066e-11 -0.0475804023369748
0.0435 -5.14579183111718e-11 -5.14579600850522e-11 -0.0479972349497577
0.044 -6.85873403680017e-11 -6.85873784478414e-11 -0.0484367925507585
0.0445 -5.51501838585795e-11 -5.5150220611112e-11 -0.0488604534054818
0.045 -3.86872979073415e-11 -3.86873273793695e-11 -0.0492918893398619
0.0455 -9.53514527575013e-11 -9.53514844111328e-11 -0.0496828022330223
0.046 -9.99029873419935e-11 -9.99030148930692e-11 -0.0500639186211999
0.0465 -9.08397679429008e-11 -9.08397934894297e-11 -0.0504609340146422
0.047 -7.15994330227648e-11 -7.15994475738036e-11 -0.0509159432356534
0.0475 -8.64153960470754e-11 -8.64154128817107e-11 -0.0513342584367473
0.048 -9.22982626827656e-11 -9.22982831509021e-11 -0.0517222398791447
0.0485 -7.90200302162528e-11 -7.90200475381391e-11 -0.0521338632092112
0.049 -3.71209791592679e-11 -3.71209978632499e-11 -0.0525273034372271
0.0495 -6.4213934208856e-11 -6.42139543583935e-11 -0.0529204874436497
0.05 -7.64905704021141e-11 -7.64905888378239e-11 -0.0532833142535761
0.0505 -9.42438645727897e-11 -9.42438795379672e-11 -0.0536206913655531
0.051 -7.55987788413412e-11 -7.55988058120806e-11 -0.0540349860765154
0.0515 -5.87759324893536e-11 -5.87759501045964e-11 -0.054465615045085
0.052 -8.14542945437581e-11 -8.14543130611624e-11 -0.0548236829594437
0.0525 -9.20521523757862e-11 -9.20521713597667e-11 -0.0552122009408198
0.053 -1.0994334660994e-10 -1.09943366214952e-10 -0.0555885860070221
0.0535 -1.03951666988825e-10 -1.03951684847185e-10 -0.0559431346720242
0.054 -6.7046019929579e-11 -6.70460350183724e-11 -0.0562866690407808
0.0545 -7.90590926916589e-11 -7.90591075261873e-11 -0.0566072885315935
0.055 -1.3891725537904e-10 -1.38917276691456e-10 -0.0569872357307188
0.0555 -1.15306299760771e-10 -1.15306311887774e-10 -0.0573951569392366
0.056 -1.18362145271298e-10 -1.18362156750718e-10 -0.0577263955831038
0.0565 -1.05592825522912e-10 -1.05592826086464e-10 -0.0580904618185535
0.057 -1.33561324384168e-10 -1.33561331588068e-10 -0.0584399113103168
0.0575 -1.25996738740056e-10 -1.25996743101897e-10 -0.0587716800526444
0.058 -1.28717010908307e-10 -1.28717008724261e-10 -0.059085269651708
0.0585 -1.46588392603602e-10 -1.46588375323744e-10 -0.0593976492831011
0.059 -1.5716956337523e-10 -1.57169557128104e-10 -0.0597743722384573
0.0595 -1.3190645980982e-10 -1.31906456936739e-10 -0.0601214180418592
0.06 -1.23947644778224e-10 -1.23947641737761e-10 -0.0604411899199325
0.0605 -1.3031535193423e-10 -1.30315349746683e-10 -0.0607550450614974
0.061 -1.3118570264076e-10 -1.31185700405103e-10 -0.0610973859264898
0.0615 -1.25868397185809e-10 -1.25868396939884e-10 -0.0613990565048593
0.062 -1.41657770909246e-10 -1.41657774453793e-10 -0.0616683728828967
0.0625 -1.49387775905735e-10 -1.49387764988281e-10 -0.0619997490779945
0.063 -1.58772631654147e-10 -1.58772625546635e-10 -0.0623638076366549
0.0635 -1.5697755403172e-10 -1.56977550419894e-10 -0.0626548159794578
0.064 -1.62178964954789e-10 -1.62178960085407e-10 -0.0629711622992615
0.0645 -1.50515328593427e-10 -1.50515315853942e-10 -0.0632785594208433
0.065 -1.64227509143711e-10 -1.64227497954067e-10 -0.0635546448497349
0.0655 -1.46678587591421e-10 -1.46678578780048e-10 -0.0638091916184732
0.066 -1.57054951837039e-10 -1.57054952032801e-10 -0.0641148918854342
0.0665 -1.22616783418764e-10 -1.22616762787034e-10 -0.0644576204236881
0.067 -1.43329981871726e-10 -1.43329970023189e-10 -0.0647300166643023
0.0675 -1.58838132313505e-10 -1.58838123815891e-10 -0.0650267053634688
0.068 -1.66118934649814e-10 -1.6611892290059e-10 -0.0653131555147209
0.0685 -1.65118869147146e-10 -1.65118858976883e-10 -0.0655764851177922
0.069 -1.82349507432572e-10 -1.82349489596497e-10 -0.0657848496231566
0.0695 -1.62505005069681e-10 -1.62504984957758e-10 -0.0661119246860343
0.07 -1.57452253645195e-10 -1.57452232315425e-10 -0.0664110192861993
0.0705 -1.69861511084801e-10 -1.69861487958031e-10 -0.0666732186320747
0.071 -1.73097623261599e-10 -1.73097593787437e-10 -0.0669540440204705
0.0715 -2.17663164288842e-10 -2.17663137207282e-10 -0.0672080084931401
0.072 -1.97663439935451e-10 -1.97663412994284e-10 -0.0674396043773264
0.0725 -2.06630749063176e-10 -2.06630721780755e-10 -0.06767467205012
0.073 -2.06017477971412e-10 -2.06017450851188e-10 -0.0679767339526432
0.0735 -1.95808572739649e-10 -1.95808547204791e-10 -0.068224554945758
0.074 -1.91637720639306e-10 -1.91637694146147e-10 -0.0684913276038483
0.0745 -1.78351870744556e-10 -1.78351838704474e-10 -0.0687380679216131
0.075 -2.02565225132511e-10 -2.02565202437378e-10 -0.068961852409262
0.0755 -2.39843785510846e-10 -2.39843764953797e-10 -0.0691636550976624
0.076 -2.00370445030515e-10 -2.00370404564405e-10 -0.0694183512606248
0.0765 -1.92150832383403e-10 -1.92150798250015e-10 -0.0697104256006035
0.077 -2.17646643571559e-10 -2.17646612072305e-10 -0.0699328715668275
0.0775 -1.56555568452073e-10 -1.56555514003925e-10 -0.0701809485935474
0.078 -2.42374581317496e-10 -2.4237454758301e-10 -0.0704011977516601
0.0785 -2.72724214143584e-10 -2.72724180019218e-10 -0.070596341676941
0.079 -2.75257678122754e-10 -2.75257640706473e-10 -0.0708001763982455
0.0795 -2.15330089538413e-10 -2.15330033915491e-10 -0.0710841091103334
0.08 -2.35391704990005e-10 -2.3539165885747e-10 -0.0712892476607802
0.0805 -2.57323978825636e-10 -2.57323930267752e-10 -0.0715214040059094
0.081 -2.83742170578544e-10 -2.83742120262709e-10 -0.0717330766850292
0.0815 -2.86108786736671e-10 -2.86108733166716e-10 -0.0719248335215077
0.082 -3.04076615541987e-10 -3.04076556776526e-10 -0.072103008147678
0.0825 -2.75796283124989e-10 -2.75796214392075e-10 -0.0723640276133236
0.083 -2.61241109137011e-10 -2.61241044047079e-10 -0.072568194461574
0.0835 -2.80318834259635e-10 -2.80318766932832e-10 -0.0727898980127902
0.084 -2.89430537991815e-10 -2.89430469514469e-10 -0.0730013693152869
0.0845 -2.91012941718664e-10 -2.91012868285829e-10 -0.0731754359947611
0.085 -3.3128116938794e-10 -3.31281104619938e-10 -0.0733317365902329
0.0855 -3.31934269258857e-10 -3.31934196075002e-10 -0.0735924876384716
0.086 -3.08946855631582e-10 -3.08946773627728e-10 -0.0737775746008193
0.0865 -3.11955371673989e-10 -3.11955283743634e-10 -0.0739808998675137
0.087 -3.1579184558268e-10 -3.15791756294446e-10 -0.0741601920697009
0.0875 -3.16182796430555e-10 -3.16182700364571e-10 -0.0743324900276214
0.088 -3.47339469986474e-10 -3.47339372519841e-10 -0.0744790479839386
0.0885 -3.55707058953491e-10 -3.55706954923816e-10 -0.0747289366234292
0.089 -3.27328017330431e-10 -3.27327910288283e-10 -0.0749013093922895
0.0895 -3.51051816521343e-10 -3.51051706919132e-10 -0.0750918458521864
0.09 -3.38779481614426e-10 -3.38779370406422e-10 -0.0752774650319665
0.0905 -3.35109160365971e-10 -3.35109045195534e-10 -0.0754309891794267
0.091 -2.94515075262657e-10 -2.94514955700052e-10 -0.0755563020632892
0.0915 -3.02143170834235e-10 -3.02143047930485e-10 -0.0757842811424587
0.092 -3.52353633282128e-10 -3.52353501835158e-10 -0.0759484851109848
0.0925 -3.59462007242019e-10 -3.59461874143179e-10 -0.0761339414325269
0.093 -4.02411464557465e-10 -4.02411318351228e-10 -0.076291057131963
0.0935 -3.88374323733866e-10 -3.88374173927546e-10 -0.0764346451023372
0.094 -3.85423428343694e-10 -3.8542327722928e-10 -0.0765723985467366
0.0945 -3.65023502935492e-10 -3.65023347856173e-10 -0.0768143376164344
0.095 -3.73430242112132e-10 -3.73430078609176e-10 -0.0769468776481237
0.0955 -3.62693107706004e-10 -3.62692945432919e-10 -0.0770856550289372
0.096 -4.16108777162431e-10 -4.16108603788739e-10 -0.077258328124783
0.0965 -4.35982653276999e-10 -4.35982480359333e-10 -0.0773918696945773
0.097 -3.97813274925216e-10 -3.97813097797702e-10 -0.0774937008199873
0.0975 -4.07409607388679e-10 -4.07409428860456e-10 -0.0777258898642565
0.098 -4.45942095662061e-10 -4.45941912014828e-10 -0.0778716135912401
0.0985 -4.28630055769133e-10 -4.28629878740824e-10 -0.0780554825972799
0.099 -4.70345692337278e-10 -4.70345496925159e-10 -0.078171326348291
0.0995 -4.79476998583749e-10 -4.79476805854255e-10 -0.0782608171715035
0.1 -4.41599706720108e-10 -4.41599513630314e-10 -0.0784659941726075
0.1005 -4.30819443451746e-10 -4.30819252640677e-10 -0.0786035500043757
0.101 -4.47985127161873e-10 -4.47984933408642e-10 -0.0787540610860054
0.1015 -4.69000407347881e-10 -4.6900021058116e-10 -0.0788801159796101
0.102 -5.05519818485437e-10 -5.05519609603651e-10 -0.07900142934351
0.1025 -4.39536777383851e-10 -4.39536576395435e-10 -0.0790936535984673
0.103 -4.92439547157336e-10 -4.92439341446419e-10 -0.0792928170149983
0.1035 -4.96595047270797e-10 -4.96594836269672e-10 -0.0794120439800657
0.104 -4.80561553182506e-10 -4.80561344819478e-10 -0.0795263552306047
0.1045 -5.39084046360903e-10 -5.3908382789305e-10 -0.0796766511374989
0.105 -5.38889045996949e-10 -5.38888828449022e-10 -0.0797857509057497
0.1055 -5.11889239106105e-10 -5.1188902461466e-10 -0.0798671992469663
0.106 -5.38631491294983e-10 -5.38631271665355e-10 -0.080067146669701
0.1065 -5.0250956783067e-10 -5.02509344148859e-10 -0.0801995755536615
0.107 -5.98812252073296e-10 -5.98812008228519e-10 -0.0803091819936187
0.1075 -6.01121327476359e-10 -6.0112107584448e-10 -0.0804233587573608
0.108 -6.31340591224208e-10 -6.31340338876933e-10 -0.0804975582168931
0.1085 -5.48652604346555e-10 -5.48652361609641e-10 -0.0806891885569679
0.109 -5.37104425914346e-10 -5.37104175339587e-10 -0.0807933550147098
0.1095 -5.06480493188216e-10 -5.06480244314319e-10 -0.0809178709215265
0.11 -5.17664750469266e-10 -5.17664500927888e-10 -0.0810628799313309
0.1105 -5.29624642738283e-10 -5.29624391301766e-10 -0.0811269835406127
0.111 -5.34810059224411e-10 -5.34809799540069e-10 -0.08118340232775
0.1115 -5.64365474732408e-10 -5.64365209185261e-10 -0.0813701938456203
0.112 -5.60270313535314e-10 -5.60270048457211e-10 -0.0814868959668507
0.1125 -6.33796377551503e-10 -6.33796093755612e-10 -0.0815806975098238
0.113 -6.24548756360957e-10 -6.24548469314619e-10 -0.0816861145399208
0.1135 -5.8908529726349e-10 -5.89085022159429e-10 -0.0817462933823405
0.114 -5.87394753024508e-10 -5.87394472030417e-10 -0.0819172348597175
0.1145 -6.66114542886248e-10 -6.66114244947893e-10 -0.0820050266102937
0.115 -6.36783896469315e-10 -6.3678360531281e-10 -0.0820891585506574
0.1155 -6.73139096326026e-10 -6.73138791107412e-10 -0.0822116265394787
0.116 -6.94589929008943e-10 -6.94589617974122e-10 -0.0822768389283294
0.1165 -6.10160747980192e-10 -6.10160457977195e-10 -0.0823826244276601
0.117 -6.54633683278733e-10 -6.54633373722498e-10 -0.0825261962430568
0.1175 -6.74697783672729e-10 -6.74697466076144e-10 -0.0826316846733089
0.118 -6.66777569492753e-10 -6.66777253657861e-10 -0.0827129255813821
0.1185 -6.74677956017714e-10 -6.74677636547611e-10 -0.0827945542155567
0.119 -6.93919887120369e-10 -6.93919560645474e-10 -0.0828522859779666
0.1195 -6.37498113128346e-10 -6.37497796723455e-10 -0.0830115115195719
0.12 -7.26937076458807e-10 -7.2693673849606e-10 -0.083085262904414
0.1205 -7.29598054797323e-10 -7.2959770852738e-10 -0.083181712355624
0.121 -6.74940913466915e-10 -6.74940573444466e-10 -0.0832631353338816
0.1215 -6.70148972733512e-10 -6.70148631842536e-10 -0.0832859802171987
0.122 -6.55540935005305e-10 -6.5554059098201e-10 -0.0834393937618548
0.1225 -7.12315827775185e-10 -7.12315470776892e-10 -0.083532114519813
0.123 -6.65302200591324e-10 -6.65301850960913e-10 -0.0836309359310863
0.1235 -7.0642331592224e-10 -7.06422949590331e-10 -0.0837246198070615
0.124 -6.93815020257297e-10 -6.93814654588574e-10 -0.0837820285958438
0.1245 -6.15158982991132e-10 -6.15158634598027e-10 -0.0838443139887618
0.125 -7.10104398017727e-10 -7.10104031563367e-10 -0.0839774357103305
0.1255 -7.43986400443941e-10 -7.43986028147451e-10 -0.0840664353919388
0.126 -7.33671505743487e-10 -7.33671137759907e-10 -0.0841320380874844
0.1265 -7.28008302044466e-10 -7.28007940825202e-10 -0.0841949365386176
0.127 -7.1803964330496e-10 -7.1803928278345e-10 -0.084235159276253
0.1275 -6.29897475323529e-10 -6.29897138627725e-10 -0.0843817400239117
0.128 -8.04277604823653e-10 -8.04277226552964e-10 -0.0844508056333568
0.1285 -6.88339926006738e-10 -6.88339573814848e-10 -0.0845617449123485
0.129 -7.64271886030877e-10 -7.64271511376453e-10 -0.0846067763803965
0.1295 -8.70737458309027e-10 -8.70737049442822e-10 -0.0846258641816122
0.13 -7.22629441610339e-10 -7.22629077147003e-10 -0.0847667052012234
0.1305 -7.85109830354063e-10 -7.85109453427011e-10 -0.0848218884406521
0.131 -7.32642328360814e-10 -7.32641966500863e-10 -0.0849114276779791
0.1315 -7.83084895798586e-10 -7.83084513949332e-10 -0.0849799405684499
0.132 -8.04354527181625e-10 -8.043541407061e-10 -0.0849988732533704
0.1325 -6.19201659560889e-10 -6.19201324469788e-10 -0.0851428008969429
0.133 -7.53337409437273e-10 -7.53337042909449e-10 -0.0851868898697609
0.1335 -7.68070858286366e-10 -7.68070489856277e-10 -0.0852642984190362
0.134 -6.96988935304179e-10 -6.96988588871408e-10 -0.08535575012247
0.1345 -7.15282969056836e-10 -7.15282613148937e-10 -0.0853785535611901
0.135 -6.27551771860924e-10 -6.27551440990453e-10 -0.0854226646749101
0.1355 -7.45405726965429e-10 -7.45405356818223e-10 -0.0855361793342626
0.136 -7.38563199852354e-10 -7.38562831664111e-10 -0.0856068178175535
0.1365 -6.69845440637627e-10 -6.6984509572942e-10 -0.0856705707763245
0.137 -7.28001104157155e-10 -7.28000741249744e-10 -0.0857086961556544
0.1375 -7.75783307966117e-10 -7.75782926633074e-10 -0.0857375970551584
0.138 -7.42846116509061e-10 -7.42845745536765e-10 -0.0858686851570731
0.1385 -6.84531830414246e-10 -6.84531467868708e-10 -0.0859278301652718
0.139 -7.93810189303896e-10 -7.93809797797902e-10 -0.0859907438896327
0.1395 -7.61246445766139e-10 -7.61246055774243e-10 -0.0860313036285053
0.14 -8.32187660863218e-10 -8.32187250796795e-10 -0.0860484446134475
0.1405 -7.3431244999216e-10 -7.34312064537987e-10 -0.0861767475522604
0.141 -8.29395349551048e-10 -8.29394939935037e-10 -0.0862128466454095
0.1415 -5.47700777814282e-10 -5.47700437975886e-10 -0.0863078746762033
0.142 -7.14590937421468e-10 -7.14590551727571e-10 -0.0863341787901742
0.1425 -6.59663699757857e-10 -6.59663326693522e-10 -0.086337121014592
0.143 -7.18626838301228e-10 -7.18626448696375e-10 -0.0864586014083294
0.1435 -7.59139953549641e-10 -7.59139552392704e-10 -0.0864999740200089
0.144 -5.41784909296221e-10 -5.41784560987423e-10 -0.0865619442496022
0.1445 -6.64433185957096e-10 -6.64432805802293e-10 -0.0866037072092938
0.145 -6.49117800992846e-10 -6.49117416260526e-10 -0.0865903486988863
0.1455 -6.49542452895969e-10 -6.49542068381501e-10 -0.0867278392226083
0.146 -7.75814874126038e-10 -7.75814462041036e-10 -0.0867724148753107
0.1465 -6.87331787396997e-10 -6.87331395728748e-10 -0.0868039939125927
0.147 -7.29934214246912e-10 -7.29933815526407e-10 -0.0868925399222342
0.1475 -7.59506752646581e-10 -7.59506346275761e-10 -0.0868891393580805
0.148 -6.18966048918845e-10 -6.18965681474817e-10 -0.0869839140683137
0.1485 -7.23088565664593e-10 -7.23088164930227e-10 -0.0870292731275922
0.149 -6.21116051074885e-10 -6.21115682445229e-10 -0.087087430090208
0.1495 -7.17158247532709e-10 -7.17157852032789e-10 -0.0871427544017026
0.15 -7.75730933786017e-10 -7.75730522898619e-10 -0.087139703988271
0.1505 -6.33677045929622e-10 -6.33676677314402e-10 -0.0872054636994181
0.151 -6.35787265337344e-10 -6.35786893856308e-10 -0.0872735999051932
0.1515 -7.32611699007152e-10 -7.32611305161144e-10 -0.0873358041596792
0.152 -5.70879949970135e-10 -5.70879606586942e-10 -0.0873963500888456
0.1525 -5.72124518284991e-10 -5.72124165642972e-10 -0.0874060988149352
0.153 -4.68373948537975e-10 -4.68373636964503e-10 -0.0874415475321035
0.1535 -6.1666462636198e-10 -6.1666426363077e-10 -0.0875168158004234
0.154 -5.58581243850093e-10 -5.58580901711725e-10 -0.0875707156549112
0.1545 -6.22424958040503e-10 -6.22424589645058e-10 -0.0876062983481052
0.155 -4.91154918135097e-10 -4.91154591290417e-10 -0.0876266046183026
0.1555 -6.90813749058893e-10 -6.90813347353119e-10 -0.0876511426165825
0.156 -5.89957908894538e-10 -5.89957539372138e-10 -0.0877487829036646
0.1565 -5.26591010403281e-10 -5.26590658997244e-10 -0.0877960146866119
0.157 -4.60667517105719e-10 -4.60667187824899e-10 -0.0878489068766591
0.1575 -5.74253245356301e-10 -5.74252879324157e-10 -0.0878500488320812
0.158 -5.1894450030814e-10 -5.18944143267987e-10 -0.0878392586998625
0.1585 -4.40910075411325e-10 -4.40909739747199e-10 -0.0879564937764347
0.159 -4.94833924321807e-10 -4.94833573477291e-10 -0.0880094669760606
0.1595 -3.46403403680651e-10 -3.46403101848233e-10 -0.0880342393314705
0.16 -3.99961988765268e-10 -3.99961662981938e-10 -0.0880574022556084
0.1605 -5.68109634107054e-10 -5.68109254371569e-10 -0.0880752446268382
0.161 -3.42030193177178e-10 -3.42029894806231e-10 -0.0881663180431389
0.1615 -3.989140133072e-10 -3.98913686642514e-10 -0.0882119573060856
0.162 -3.30239975595156e-10 -3.30239669241681e-10 -0.0882312306650104
0.1625 -2.99662315922233e-10 -2.99662011147122e-10 -0.0882527983557618
0.163 -3.61056419014067e-10 -3.61056092280387e-10 -0.0882586963506888
0.1635 -2.72799662399887e-10 -2.72799364148857e-10 -0.0883675583332695
0.164 -1.11101466673088e-10 -1.11101209638085e-10 -0.0884047459999968
0.1645 -1.82489932504677e-10 -1.82489646023665e-10 -0.088430902011298
0.165 -2.13678029014426e-10 -2.13677727761045e-10 -0.0884382588032135
0.1655 -2.22654872504659e-10 -2.22654560849772e-10 -0.0884420173603854
0.166 -5.20095240555861e-10 -5.20094822242413e-10 -0.0885519803911899
0.1665 -1.80489627884575e-10 -1.80489326067561e-10 -0.0885863791260315
0.167 -7.83176634949609e-11 -7.8317394404733e-11 -0.0886229989893106
0.1675 -2.06916127604491e-10 -2.06915813163478e-10 -0.0886259829296404
0.168 -6.65729970716752e-11 -6.65727214073567e-11 -0.0886189599219489
0.1685 -1.61844158394528e-10 -1.61843845244481e-10 -0.0887282966503931
0.169 8.01535194468307e-12 8.01560702535645e-12 -0.0887590756329929
0.1695 5.80234915562382e-10 5.80234929388117e-10 -0.0887936883099471
0.17 1.14472619555124e-10 1.14472825312282e-10 -0.0888019365719614
0.1705 9.77900432770405e-11 9.7790267949971e-11 -0.0887869074716424
0.171 4.26694162369827e-11 4.2669673370847e-11 -0.0888902334681285
0.1715 1.63521866952644e-10 1.63522071657785e-10 -0.0889239718077315
0.172 7.92067895683419e-11 7.92070361526383e-11 -0.0889582529440559
0.1725 9.35313390822441e-11 9.35315859585196e-11 -0.0889657190464262
0.173 1.95979396952708e-10 1.95979610465744e-10 -0.0889500457771628
0.1735 1.4473661425038e-10 1.44736864994866e-10 -0.0890582650894473
0.174 3.13104459173855e-10 3.13104638769079e-10 -0.0890863232730808
0.1745 5.18644310194764e-10 5.18644395682069e-10 -0.0891174460131802
0.175 2.74360808519793e-10 2.74361014631179e-10 -0.0891164620790541
0.1755 3.96549007401971e-10 3.96549169152637e-10 -0.0891047338938985
0.176 2.87725438510296e-10 2.87725657899553e-10 -0.0892089646013261
0.1765 4.81666707468665e-10 4.81666846204448e-10 -0.0892361764252914
0.177 5.17848076558355e-10 5.1784819893021e-10 -0.089266632063295
0.1775 4.7064686936567e-10 4.70647028214917e-10 -0.0892605820096625
0.178 4.74782216175592e-10 4.74782382035158e-10 -0.0892532964538794
0.1785 5.54854861433767e-10 5.54854988308705e-10 -0.0893541351435481
0.179 7.35981310445167e-10 7.35981363435048e-10 -0.0893822295247636
0.1795 6.79997557296629e-10 6.79997641001572e-10 -0.0893998482780765
0.18 7.11629122396731e-10 7.11629208214911e-10 -0.0894040649982578
0.1805 6.70573223562227e-10 6.70573332511737e-10 -0.0893963017844864
0.181 7.9354587493618e-10 7.93545928506543e-10 -0.0894941170480159
0.1815 7.59681649999111e-10 7.59681729191225e-10 -0.0895226715590584
0.182 8.70884240666839e-10 8.70884279243173e-10 -0.0895281601416418
0.1825 9.29911326493449e-10 9.29911355569793e-10 -0.0895371308041379
0.183 8.09291978413076e-10 8.09292067432084e-10 -0.0895418890486766
0.1835 1.02704043017269e-09 1.02704041584145e-09 -0.0896203545774384
0.184 1.02167563131106e-09 1.02167564137266e-09 -0.0896537589351485
0.1845 1.12979500063141e-09 1.12979496658244e-09 -0.0896606648877154
0.185 1.14486440464405e-09 1.14486437114279e-09 -0.0896675186662802
0.1855 1.16906702453506e-09 1.16906698263231e-09 -0.0896392799734474
0.186 1.26361957767584e-09 1.26361950312576e-09 -0.0897407186801862
0.1865 1.23234585470499e-09 1.23234580806499e-09 -0.0897745915931104
0.187 1.36857070910682e-09 1.36857059644386e-09 -0.0897983591780525
0.1875 1.30406883495491e-09 1.30406876987007e-09 -0.0897877243802818
0.188 1.34801418469204e-09 1.34801411424401e-09 -0.0897641012846112
0.1885 1.42078113947151e-09 1.42078103742434e-09 -0.0898634858131825
0.189 1.51487743409899e-09 1.51487729418099e-09 -0.0898914961224626
0.1895 1.56679767341901e-09 1.5667975155972e-09 -0.089916136096427
0.19 1.63753223038136e-09 1.63753204572526e-09 -0.089908159459964
0.1905 1.81304118440581e-09 1.81304091609054e-09 -0.0899084419865382
0.191 1.73625107014994e-09 1.73625086687813e-09 -0.0899802583562147
0.1915 1.74771736136453e-09 1.74771717098052e-09 -0.0900063233776548
0.192 1.93956290415724e-09 1.93956261720449e-09 -0.0900321645331198
0.1925 1.96011243577629e-09 1.96011215900291e-09 -0.090023522075725
0.193 2.12761690313303e-09 2.12761652416085e-09 -0.0900389564925136
0.1935 2.0817102615819e-09 2.0817099344659e-09 -0.0900865830199302
0.194 2.05448437623837e-09 2.05448409651206e-09 -0.0901171275004457
0.1945 2.19868024103548e-09 2.19867988069373e-09 -0.0901632642174401
0.195 2.16944509602979e-09 2.16944477911151e-09 -0.0901213844622863
0.1955 2.35361699701803e-09 2.3536165731793e-09 -0.0901816903800397
0.196 2.3327732998479e-09 2.33277293697852e-09 -0.0901927207872524
0.1965 2.46674621163723e-09 2.46674577465252e-09 -0.090219700520488
0.197 2.43861430650361e-09 2.43861391830618e-09 -0.0902422199964266
0.1975 2.50598608171322e-09 2.50598566563838e-09 -0.0902104358696621
0.198 2.67953953402891e-09 2.6795390035917e-09 -0.0903021970845629
0.1985 2.68086212219794e-09 2.68086162839851e-09 -0.0902949715430771
0.199 2.80045096032255e-09 2.80045039527776e-09 -0.090285156454216
0.1995 2.83997658632194e-09 2.83997603662442e-09 -0.0903399152633221
0.2 2.89127613063859e-09 2.8912755781658e-09 -0.0903077397192025
0.2005 3.06527897467007e-09 3.06527827330757e-09 -0.0903682649621653
0.201 3.07802655369153e-09 3.07802590432679e-09 -0.0903894230585246
0.2015 3.1478660303006e-09 3.14786535711618e-09 -0.0903892814726166
0.202 3.18302794215597e-09 3.18302731150701e-09 -0.0904319090018681
0.2025 3.27457705797031e-09 3.27457636595598e-09 -0.0903692296016853
0.203 3.34682821843679e-09 3.34682750562923e-09 -0.090490245436073
0.2035 3.42759358756463e-09 3.42759287836744e-09 -0.0904900660858304
0.204 3.53160202275747e-09 3.53160115031245e-09 -0.0905235281802364
0.2045 3.59095230535566e-09 3.59095148401861e-09 -0.0905215431844805
0.205 3.67722199691251e-09 3.67722116339534e-09 -0.0904712026097317
0.2055 3.75816296022247e-09 3.75816207718189e-09 -0.0905793913765369
0.206 3.84330274748791e-09 3.84330187469738e-09 -0.0905782683053811
0.2065 3.91683522552268e-09 3.91683433449813e-09 -0.0906228161932162
0.207 3.99974148361119e-09 3.99974058913066e-09 -0.0906133093741825
0.2075 4.04638726615238e-09 4.04638629045572e-09 -0.0905769226643115
0.208 4.15379537671542e-09 4.15379439174376e-09 -0.0906749325862403
0.2085 4.26935969839602e-09 4.26935871638006e-09 -0.0906658544861876
0.209 4.31012622966524e-09 4.31012516327063e-09 -0.090689010519132
0.2095 4.42017619974161e-09 4.42017512308582e-09 -0.0906951420368204
0.21 4.50021665298455e-09 4.5002155374318e-09 -0.0906643253461143
0.2105 4.48521500184539e-09 4.48521378209231e-09 -0.0907496208307884
0.211 4.74735057462712e-09 4.74734942129892e-09 -0.090753679510194
0.2115 4.80772641609705e-09 4.80772522248643e-09 -0.0907650206556732
0.212 4.87734040654504e-09 4.87733917479371e-09 -0.0907689934975946
0.2125 4.98071934232675e-09 4.98071808302544e-09 -0.0907442136630245
0.213 5.07432947811558e-09 5.07432817826833e-09 -0.0908248071180198
0.2135 5.05924140699371e-09 5.05924005364866e-09 -0.0908408027189024
0.214 5.18106253068222e-09 5.18106115364247e-09 -0.0908471376352958
0.2145 5.29200953676411e-09 5.29200812994327e-09 -0.0908392743242911
0.215 5.46975725334643e-09 5.46975582492684e-09 -0.0908218661567826
0.2155 5.43333343523792e-09 5.43333195688205e-09 -0.0908946734314642
0.216 5.62196661878986e-09 5.62196511668707e-09 -0.0909167962819577
0.2165 5.6197843737036e-09 5.61978283127136e-09 -0.090928301564854
0.217 5.85582036700304e-09 5.85581880174197e-09 -0.0909080595442064
0.2175 6.11411770327413e-09 6.11411611390909e-09 -0.0909002260321872
0.218 6.0580869258517e-09 6.05808528821525e-09 -0.0909676101630874
0.2185 6.07799098864173e-09 6.07798931043395e-09 -0.0909860168540361
0.219 6.04225011130928e-09 6.0422483859137e-09 -0.0910110506352651
0.2195 6.23534019418678e-09 6.23533841533583e-09 -0.0909884395726487
0.22 5.78968214054033e-09 5.78968036723184e-09 -0.0909896591860599
0.2205 6.31343660591965e-09 6.31343474863799e-09 -0.0910282432938867
0.221 6.7600164930185e-09 6.76001456059575e-09 -0.0910518523988089
0.2215 6.83725821339931e-09 6.83725624123211e-09 -0.0910747131856685
0.222 6.94249962344322e-09 6.94249760355982e-09 -0.0910362610355811
0.2225 6.51192669927397e-09 6.51192468693035e-09 -0.0911170549148199
0.223 6.98614581733881e-09 6.98614371076005e-09 -0.0911029655804923
0.2235 6.94971427866528e-09 6.94971214542324e-09 -0.0910871567959577
0.224 7.0432181368688e-09 7.04321595782106e-09 -0.0911357656726118
0.2245 7.464525938697e-09 7.46452365127356e-09 -0.0910877995272499
0.225 7.29757601945521e-09 7.29757372391831e-09 -0.0911495511122726
0.2255 7.65716897860227e-09 7.65716658077394e-09 -0.0911614199913026
0.226 6.50738163561407e-09 6.50737943879198e-09 -0.0911942363915019
0.2265 7.56469773131329e-09 7.56469528137892e-09 -0.0911856699632651
0.227 7.67650202058876e-09 7.67649951192142e-09 -0.0911319414262096
0.2275 7.64493325716248e-09 7.64493071547512e-09 -0.0912370470072486
0.228 7.98972920490097e-09 7.98972654947749e-09 -0.0912318760266393
0.2285 8.08378260936843e-09 8.08377989320306e-09 -0.0912712494932148
0.229 8.39176661503073e-09 8.39176379839305e-09 -0.0912566255769755
0.2295 7.81156049341285e-09 7.81155777582258e-09 -0.0912078684664981
0.23 8.4875333036891e-09 8.48753038787317e-09 -0.0913159491399598
0.2305 8.90873520279794e-09 8.90873215729632e-09 -0.0913002307068512
0.231 8.2827023332731e-09 8.28269940855481e-09 -0.0913012422750702
0.2315 8.48295627450155e-09 8.48295326902211e-09 -0.0913121143336797
0.232 8.86233253113938e-09 8.86232939696781e-09 -0.0912823765003787
0.2325 8.43826020359916e-09 8.43825713961942e-09 -0.0913551624835608
0.233 8.59894219658731e-09 8.59893906939212e-09 -0.0913694217388023
0.2335 8.3314162674912e-09 8.33141317528456e-09 -0.0913844722532293
0.234 9.04377607782965e-09 9.04377277326589e-09 -0.0913610660917498
0.2345 9.4308830825902e-09 9.43087963224467e-09 -0.0913394640530589
0.235 9.05948037799786e-09 9.05947699548506e-09 -0.0914103817312032
0.2355 9.49605349142446e-09 9.49604996427547e-09 -0.0914291838137388
0.236 9.27349973712529e-09 9.27349623550022e-09 -0.0914368351633427
0.2365 9.89337702743915e-09 9.8933733255512e-09 -0.0914123745699437
0.237 1.14169218667789e-08 1.14169176967017e-08 -0.0914011435454362
0.2375 1.02442250673772e-08 1.02442211849805e-08 -0.0914636112397176
0.238 1.04043958194723e-08 1.04043918528847e-08 -0.0914783472857886
0.2385 9.70146706985771e-09 9.70146327171206e-09 -0.0914950323117519
0.239 1.04701921645495e-08 1.04701881207197e-08 -0.0914573646161205
0.2395 9.98435592543553e-09 9.98435197977627e-09 -0.0914777178017985
0.24 1.06472287433722e-08 1.06472245832646e-08 -0.0915038466620041
0.2405 1.01170811632547e-08 1.01170771182808e-08 -0.0915242784922328
0.241 1.04860961476576e-08 1.0486091972191e-08 -0.0915434872201971
0.2415 1.08236940070826e-08 1.08236897121711e-08 -0.0914967224844195
0.242 9.6712409309037e-09 9.67123691264372e-09 -0.0915526935085746
0.2425 1.05076156137886e-08 1.05076113424241e-08 -0.0915596184029667
0.243 1.09556094476688e-08 1.09556050271415e-08 -0.0915856142013369
0.2435 1.16782632741295e-08 1.16782586353813e-08 -0.0915873432178324
0.244 1.07598987428238e-08 1.07598943249468e-08 -0.0915185509147425
0.2445 1.04465591978983e-08 1.04465548417694e-08 -0.0916316829482613
0.245 1.1307926894301e-08 1.13079222762239e-08 -0.0916188023076997
0.2455 1.21022625830065e-08 1.21022577297926e-08 -0.091625545882411
0.246 1.14578978486077e-08 1.14578931454628e-08 -0.0916409653850301
0.2465 1.06359069475309e-08 1.06359024471139e-08 -0.0915934516741668
0.247 1.13525140487965e-08 1.13525093252053e-08 -0.0916829877204048
0.2475 1.22034588560992e-08 1.22034538691517e-08 -0.0916667893606977
0.248 1.08894923462096e-08 1.08894877037457e-08 -0.0916662330928822
0.2485 1.11770552705035e-08 1.1177050518658e-08 -0.0916751516378129
0.249 1.1816505114275e-08 1.18165001509239e-08 -0.0916427595837291
0.2495 1.08211982393024e-08 1.08211935440357e-08 -0.0917125231672308
0.25 1.09525969717761e-08 1.09525922143829e-08 -0.0917244742648647
0.2505 1.10325555595659e-08 1.10325507502944e-08 -0.0917379121103433
0.251 1.1788830995063e-08 1.1788825937026e-08 -0.0917107289036433
0.2515 1.24399676920684e-08 1.24399624034268e-08 -0.0916889678874559
0.252 1.13273774735575e-08 1.13273725003105e-08 -0.0917557513945192
0.2525 1.23048147261856e-08 1.23048094144e-08 -0.0917696693479352
0.253 1.20430784945805e-08 1.20430732419861e-08 -0.0917895650941176
0.2535 1.21416537741748e-08 1.21416484557863e-08 -0.0917595556985055
0.254 1.07793828648206e-08 1.07793779590528e-08 -0.0917454435400413
0.2545 1.13455217425407e-08 1.1345516629475e-08 -0.0917993639004243
0.255 1.2708681997418e-08 1.27086764197281e-08 -0.0918122234504227
0.2555 1.27850086878967e-08 1.27850030636635e-08 -0.0918144749260844
0.256 1.31918736034784e-08 1.31918678233221e-08 -0.0917746295414964
0.2565 1.20133636367394e-08 1.20133582098667e-08 -0.0918486625514715
0.257 1.31162503202358e-08 1.31162445134244e-08 -0.0918326078218236
0.2575 1.19698915990262e-08 1.19698861422955e-08 -0.0918114861754827
0.258 1.17887903041491e-08 1.17887848748097e-08 -0.0918568935430082
0.2585 1.35644466091671e-08 1.35644405569737e-08 -0.0918033628429985
0.259 1.19633399945692e-08 1.19633344379267e-08 -0.0918779963690814
0.2595 1.29641128587218e-08 1.29641069228102e-08 -0.0918729781186137
0.26 9.74079437147211e-09 9.74078952303376e-09 -0.0918973330473389
0.2605 1.13826523217389e-08 1.13826468617407e-08 -0.0918862401462446
0.261 1.48584513662441e-08 1.48584446491911e-08 -0.0918441198979077
0.2615 1.28995533750367e-08 1.28995473030484e-08 -0.0919179565659963
0.262 1.30942653318034e-08 1.30942591532951e-08 -0.0919093166181133
0.2625 1.07406937462032e-08 1.07406883651072e-08 -0.0919578648609514
0.263 1.25564893428358e-08 1.2556483266122e-08 -0.0919226971907611
0.2635 1.21208698713332e-08 1.21208639107071e-08 -0.0918848630072416
0.264 9.56812297635801e-09 9.56811789370745e-09 -0.0919617605091707
0.2645 1.08232814813231e-08 1.08232759057765e-08 -0.0919662574958802
0.265 1.23955182973948e-08 1.23955120873286e-08 -0.0919760920996064
0.2655 1.27166996367949e-08 1.27166932523186e-08 -0.0919569240187012
0.266 1.27042507974837e-08 1.2704244364535e-08 -0.0919237138334924
0.2665 1.11807475070932e-08 1.11807415962189e-08 -0.0919900424920054
0.267 1.20477232883877e-08 1.20477169919616e-08 -0.0920040796285019
0.2675 1.11340219975858e-08 1.11340159969676e-08 -0.092008332263366
0.268 1.24976321447455e-08 1.24976255669784e-08 -0.0919787438377899
0.2685 8.75340750280123e-09 8.75340232509391e-09 -0.0919637569122402
0.269 1.13163035030613e-08 1.13162972619074e-08 -0.092022813203032
0.2695 1.24127656660993e-08 1.24127589327628e-08 -0.0920351732016297
0.27 1.11202817246634e-08 1.11202754466949e-08 -0.0920566764162771
0.2705 1.23699630512546e-08 1.23699562161843e-08 -0.0920016097031729
0.271 1.09561388088952e-08 1.09561324680005e-08 -0.0920746761983134
0.2715 1.22101599502543e-08 1.22101530447073e-08 -0.0920533988019948
0.272 1.01610017321215e-08 1.01609955829964e-08 -0.0920289396734006
0.2725 9.99712343924789e-09 9.99711729268272e-09 -0.0920728262883165
0.273 1.24371071280653e-08 1.24370999168965e-08 -0.0920176126029433
0.2735 1.01290739842988e-08 1.01290676428077e-08 -0.0920915050442769
0.274 1.13068923732561e-08 1.13068854609121e-08 -0.0920847307104174
0.2745 6.96708062240713e-09 6.96707545580178e-09 -0.0921079171214755
0.275 8.75581317366587e-09 8.75580718624636e-09 -0.0920955173660414
0.2755 8.69748312896629e-09 8.69747708952011e-09 -0.0920537244060535
0.276 9.67103245328475e-09 9.67102591320867e-09 -0.0921260091377297
0.2765 1.10804528011103e-08 1.10804455789303e-08 -0.0921153216022052
0.277 8.57032625426718e-09 8.57032002876497e-09 -0.0921305294371828
0.2775 9.09900261469795e-09 9.09899608855425e-09 -0.0921274682377075
0.278 9.96600836631656e-09 9.96600136106041e-09 -0.0920952554817839
0.2785 7.15828087170723e-09 7.15827499587354e-09 -0.0921566833590865
0.279 7.20244645426844e-09 7.20244047524494e-09 -0.0921633235108999
0.2795 6.30492230062405e-09 6.30491662542347e-09 -0.0921729235949553
0.28 7.84348875713146e-09 7.84348231705693e-09 -0.0921430222833461
0.2805 3.09932130292971e-06 3.09932129594761e-06 -0.0921102422117795
0.281 6.55146670585558e-07 6.55146664603161e-07 -0.0921809333877738
0.2815 2.84657719658931e-07 2.84657713432582e-07 -0.0921932645733364
0.282 1.16874056864323e-07 1.1687404935055e-07 -0.0921980786549995
0.2825 4.46824755690669e-08 4.46824691508791e-08 -0.0921731491537677
0.283 1.50955852946512e-08 1.50955802406597e-08 -0.0921628374574908
0.2835 6.85405974305965e-09 6.85405381125742e-09 -0.0922016777147221
0.284 5.31830904944176e-09 5.31830206550235e-09 -0.0922158974680192
0.2845 3.65171490917992e-09 3.6517079897153e-09 -0.0922297439741391
0.285 2.95916448692666e-09 2.95915757435062e-09 -0.0921802583090003
0.2855 -7.68389785793507e-10 -7.68395173523648e-10 -0.0922232898838493
0.286 2.07422479989904e-10 2.07416526927439e-10 -0.0922269798198237
0.2865 -8.5559314681296e-10 -8.5559871899764e-10 -0.0922112192897019
0.287 1.42572183867951e-09 1.4257151203776e-09 -0.0922410000851277
0.2875 -1.3903256725775e-09 -1.39033119763377e-09 -0.0921707652712696
0.288 -2.53167650146676e-09 -2.5316816061358e-09 -0.0922813558219173
0.2885 -8.91712383737627e-10 -8.91718376690651e-10 -0.0922643051063865
0.289 -1.34103202349361e-09 -1.34103791957672e-09 -0.0922942820556072
0.2895 -1.08061402721645e-09 -1.08062016454557e-09 -0.0922709965143606
0.29 -5.39014028203607e-09 -5.39014445027332e-09 -0.09221481439479
0.2905 -4.58305425449448e-09 -4.58305893038368e-09 -0.0923169653372183
0.291 -2.15335619348947e-09 -2.15336218193234e-09 -0.0922963723694422
0.2915 -2.15245267736796e-09 -2.15245879036147e-09 -0.0922858070199609
0.292 -4.83745847074812e-09 -4.83746337978214e-09 -0.092293844499018
0.2925 -5.59446060584936e-09 -5.5944652717941e-09 -0.092248293464637
0.293 -4.75606661357795e-09 -4.75607184581681e-09 -0.092328303623641
0.2935 -5.15632184068186e-09 -5.15632700626903e-09 -0.0923352987474286
0.294 -9.44775453796649e-09 -9.44775761447745e-09 -0.0923217820274098
0.2945 -7.36418273008552e-09 -7.36418705228157e-09 -0.092309590466828
0.295 -6.2395000857653e-09 -6.23950517689589e-09 -0.0922634729739904
0.2955 -7.81400055705495e-09 -7.81400496705126e-09 -0.0923393908728278
0.296 -7.83216625531746e-09 -7.83217081273736e-09 -0.0923490279638123
0.2965 -1.19654154056706e-08 -1.19654178684207e-08 -0.0923668599909541
0.297 -1.02415293535248e-08 -1.02415329514201e-08 -0.0923168898824967
0.2975 -1.26463923225489e-08 -1.2646394758107e-08 -0.0923671177612687
0.298 -1.09455221159549e-08 -1.09455257077603e-08 -0.0923563961174646
0.2985 -1.45650098990221e-08 -1.45650115872225e-08 -0.0923314527595754
0.299 -1.30717168048627e-08 -1.30717195628699e-08 -0.0923716278563206
0.2995 -1.20548294416713e-08 -1.20548330212465e-08 -0.0923162179396582
0.3 -1.480910303588e-08 -1.48091051945354e-08 -0.0923887953753737
0.3005 -1.40209423114737e-08 -1.40209451749915e-08 -0.0923814216445836
0.301 -1.8861515504157e-08 -1.88615156118495e-08 -0.0924027839099683
0.3015 -1.76095897141616e-08 -1.76095908161171e-08 -0.0923886569116023
0.302 -1.82547074612728e-08 -1.82547083965858e-08 -0.0923449994395124
0.3025 -1.79166327899113e-08 -1.79166342168839e-08 -0.0924152112567894
0.303 -1.72511469661535e-08 -1.7251149102354e-08 -0.0924030402045324
0.3035 -2.002518951546e-08 -2.00251900997805e-08 -0.0924158937536704
0.304 -2.02204899747697e-08 -2.02204907154761e-08 -0.0924111366385377
0.3045 -2.06285826931979e-08 -2.06285834785644e-08 -0.0923708554801967
0.305 -2.07871362764632e-08 -2.07871372979075e-08 -0.0924319165207864
0.3055 -2.35960151696968e-08 -2.35960145222288e-08 -0.0924406606804425
0.306 -2.40770862067749e-08 -2.40770855595992e-08 -0.0924380396629494
0.3065 -2.47405196482061e-08 -2.47405188804711e-08 -0.0924193851688925
0.307 -2.4139751920507e-08 -2.41397520376089e-08 -0.0923713525990709
0.3075 -2.60163297461176e-08 -2.60163288248038e-08 -0.0924472634080013
0.308 -2.71839007806553e-08 -2.71838993680868e-08 -0.0924589126775489
0.3085 -2.92041360087219e-08 -2.92041333695032e-08 -0.0924744880829653
0.309 -2.92980111985374e-08 -2.92980089855583e-08 -0.0924430397898876
0.3095 -2.97522860401439e-08 -2.97522839795711e-08 -0.092439674393805
0.31 -3.08946372126302e-08 -3.08946346811302e-08 -0.0924613505350513
0.3105 -3.24208461273669e-08 -3.24208427567287e-08 -0.0924735253346407
0.311 -3.27889085640437e-08 -3.27889054507991e-08 -0.0924859852448001
0.3115 -3.34046666798251e-08 -3.34046636592276e-08 -0.0924327078513183
0.312 -4.41658927707608e-08 -4.41658791768891e-08 -0.0924776856998668
0.3125 -3.91420003850491e-08 -3.91419928579179e-08 -0.0924821413658043
0.313 -4.10102949633553e-08 -4.10102858367879e-08 -0.0925054056467458
0.3135 -3.89590611269536e-08 -3.89590551616571e-08 -0.0924986835144726
0.314 -3.83978961636863e-08 -3.83978919215369e-08 -0.0924558904680109
0.3145 -4.14315490126023e-08 -4.14315417591676e-08 -0.0925210628242
0.315 -4.13160474666944e-08 -4.1316041534172e-08 -0.0925068064687334
0.3155 -4.31377677631276e-08 -4.3137760228682e-08 -0.0925511634970867
0.316 -4.32834565458498e-08 -4.32834502053193e-08 -0.0925116927508905
0.3165 -4.42663473608967e-08 -4.4266341010184e-08 -0.0924781760029819
0.317 -4.65944121018403e-08 -4.65944028303534e-08 -0.0925380244826511
0.3175 -4.72841037226568e-08 -4.72840949681468e-08 -0.0925427984256793
0.318 -4.84778127787297e-08 -4.84778033544212e-08 -0.0925501117838659
0.3185 -4.92698563185308e-08 -4.92698476397163e-08 -0.0925179187825754
0.319 -5.03954376283437e-08 -5.03954292049253e-08 -0.0924667924518843
0.3195 -5.18239152974004e-08 -5.18239052979064e-08 -0.0925485653964204
0.32 -5.29856245655203e-08 -5.2985614509862e-08 -0.0925595891712124
0.3205 -5.41890773018792e-08 -5.41890667326301e-08 -0.0925640607406182
0.321 -5.54134827468593e-08 -5.54134717888857e-08 -0.0925381225853072
0.3215 -5.62559719955343e-08 -5.6255958693472e-08 -0.0925226272276155
0.322 -5.79061398597826e-08 -5.79061276256405e-08 -0.0925572781060933
0.3225 -5.91122725608137e-08 -5.9112259849595e-08 -0.0925718705329012
0.323 -6.04063096626959e-08 -6.04062965943288e-08 -0.0925792263793944
0.3235 -6.21852670329784e-08 -6.21852542580545e-08 -0.0925268073050498
0.324 -6.23663557034683e-08 -6.23663408444223e-08 -0.0925660032748644
0.3245 -6.45060635225784e-08 -6.45060491693983e-08 -0.0925754943003612
0.325 -5.78577429475355e-08 -5.78577209662049e-08 -0.0925990553880551
0.3255 -6.63229288604575e-08 -6.63229128593316e-08 -0.0925807402762209
0.326 -6.84245806943438e-08 -6.8424564755388e-08 -0.0925185444820146
0.3265 -6.88773183356796e-08 -6.88773012577904e-08 -0.0926087303504774
0.327 -7.16800397640923e-08 -7.16800230175888e-08 -0.0925978136633493
0.3275 -6.92893103599608e-08 -6.92892912422703e-08 -0.0926426423703076
0.328 -7.37598625178208e-08 -7.37598443481064e-08 -0.0926024909973288
0.3285 -7.55749427976879e-08 -7.55749242450784e-08 -0.0925604170825196
0.329 -7.42545243382268e-08 -7.42545042241773e-08 -0.0926257689136348
0.3295 -7.71353442910511e-08 -7.71353242054744e-08 -0.0926315347359282
0.33 -7.53959252211642e-08 -7.53959037123319e-08 -0.0926381040847957
0.3305 -8.07777193374785e-08 -8.07776983886924e-08 -0.0926059286462819
0.331 -8.30548825610253e-08 -8.30548612482454e-08 -0.0925458126820247
0.3315 -8.29331892185456e-08 -8.2933166957224e-08 -0.092633595756007
0.332 -8.54744757448329e-08 -8.54744531081234e-08 -0.0926454571247649
0.3325 -8.63972454899168e-08 -8.63972221769692e-08 -0.0926494985636457
0.333 -8.83841764595906e-08 -8.83841526174112e-08 -0.0926231774425455
0.3335 -8.414041856202e-08 -8.41403933856152e-08 -0.0926074499252252
0.334 -9.0551810269289e-08 -9.05517850683347e-08 -0.0926411298090955
0.3345 -9.19343111510138e-08 -9.19342853565925e-08 -0.0926550220417815
0.335 -9.50018058159041e-08 -9.50017795450496e-08 -0.0926623759285532
0.3355 -9.87083582348186e-08 -9.87083314628018e-08 -0.0926100634567889
0.336 -9.3881356473753e-08 -9.38813287203541e-08 -0.0926532346532967
0.3365 -9.93908371662677e-08 -9.93908089230149e-08 -0.092658563940817
0.337 -8.55038426874697e-08 -8.55038135661464e-08 -0.0926812202381818
0.3375 -1.01526648154708e-07 -1.01526618630284e-07 -0.0926622611637739
0.338 -1.08788239968327e-07 -1.08788209749414e-07 -0.0926256563412883
0.3385 -1.01288895341712e-07 -1.01288864517264e-07 -0.0926926591455873
0.339 -1.08439987609579e-07 -1.08439956026824e-07 -0.0926786111264488
0.3395 -1.04437460239948e-07 -1.04437428163364e-07 -0.0927224208921753
0.34 -1.12469696442414e-07 -1.12469663481887e-07 -0.0926820738301241
0.3405 -1.16063450128773e-07 -1.16063416368474e-07 -0.0926475021693698
0.341 -1.03763978004054e-07 -1.03763944213035e-07 -0.0927060493016439
0.3415 -1.10687815792801e-07 -1.10687781060479e-07 -0.0927098852670436
0.342 -1.13678457030951e-07 -1.13678421539999e-07 -0.0927169056598386
0.3425 -1.18378067113065e-07 -1.18378030682529e-07 -0.0926903538740802
0.343 -1.24917279646817e-07 -1.24917242041869e-07 -0.0926350580173369
0.3435 -1.23384741808344e-07 -1.23384703734141e-07 -0.0927110155629913
0.344 -1.24767987013885e-07 -1.24767948206806e-07 -0.0927196256956754
0.3445 -1.21010889507082e-07 -1.21010850536334e-07 -0.0927329046271364
0.345 -1.2695973505227e-07 -1.26959694832884e-07 -0.0926999214026427
0.3455 -1.31316250125513e-07 -1.31316208810825e-07 -0.0926949933910956
0.346 -1.32096148389419e-07 -1.32096106398616e-07 -0.0927150147627263
0.3465 -1.30437709070071e-07 -1.30437666728249e-07 -0.0927253625483124
0.347 -1.35993241422081e-07 -1.35993197791615e-07 -0.0927367550250893
0.3475 -1.40584143782092e-07 -1.40584098900906e-07 -0.0926814087108811
0.348 -1.40671101182045e-07 -1.4067105567707e-07 -0.0927264070018148
0.3485 -1.42706528327905e-07 -1.42706481936582e-07 -0.0927286943120726
0.349 -1.2416249021982e-07 -1.24162446183142e-07 -0.0927501632608959
0.3495 -1.37810216921569e-07 -1.37810170202433e-07 -0.0927349614847508
0.35 -1.37434174027659e-07 -1.37434126823623e-07 -0.0926975367214902
0.3505 -1.45698949470316e-07 -1.45698900316389e-07 -0.0927632057808899
0.351 -1.55196915899906e-07 -1.55196864551259e-07 -0.0927470889981325
0.3515 -1.46248049983022e-07 -1.4624799965112e-07 -0.0927571455813773
0.352 -1.50951047763862e-07 -1.50950996022149e-07 -0.0927498119164043
0.3525 -1.55033526599131e-07 -1.55033473520715e-07 -0.0927072154860738
0.353 -1.59446153019658e-07 -1.59446098526414e-07 -0.0927647390618591
0.3535 -1.49076191706023e-07 -1.49076138646896e-07 -0.0927727495189171
0.354 -1.54421214674668e-07 -1.54421160045678e-07 -0.0927685994286093
0.3545 -1.56395569330224e-07 -1.56395513758386e-07 -0.0927464903672546
0.355 -1.62122727678504e-07 -1.62122670398624e-07 -0.092695859146543
0.3555 -1.65133667636492e-07 -1.65133609180741e-07 -0.0927753441574364
0.356 -1.62761971916914e-07 -1.6276191338436e-07 -0.0927812155917086
0.3565 -1.57027319379858e-07 -1.57027261501482e-07 -0.0927959791875713
0.357 -1.72174793159272e-07 -1.72174731518972e-07 -0.0927444046401298
0.3575 -1.58268089257646e-07 -1.58268030009274e-07 -0.092788251229624
0.358 -1.73445086618719e-07 -1.73445023487966e-07 -0.0927770552470739
0.3585 -1.55970708787071e-07 -1.55970648986884e-07 -0.0927489664662308
0.359 -1.70737896937002e-07 -1.70737833261577e-07 -0.0927866968675125
0.3595 -1.83719133863221e-07 -1.8371906663017e-07 -0.092728547016019
0.36 -1.71446443580268e-07 -1.71446378577156e-07 -0.092800433156092
0.3605 -1.82857121625805e-07 -1.82857053376223e-07 -0.092789565628891
0.361 -1.53091344620477e-07 -1.53091282893168e-07 -0.0927974461714296
0.3615 -1.78847119220097e-07 -1.78847050694951e-07 -0.0927991310295181
0.362 -1.70557896103749e-07 -1.70557829032296e-07 -0.0927458922136277
0.3625 -1.81512648816877e-07 -1.81512578406066e-07 -0.0928294833859951
0.363 -1.96083120737387e-07 -1.96083046077755e-07 -0.0928076157220492
0.3635 -1.81873708740704e-07 -1.81873637076279e-07 -0.0927979012193137
0.364 -1.79352208994226e-07 -1.79352137374052e-07 -0.0928037936837272
0.3645 -1.90501417127508e-07 -1.90501342027147e-07 -0.0927622150574256
0.365 -1.9267443567574e-07 -1.92674359389152e-07 -0.0928256488234986
0.3655 -1.96459486609641e-07 -1.964594087175e-07 -0.0928320097592369
0.366 -3.48144064435553e-07 -3.48143980594282e-07 -0.0928165059354246
0.3665 -2.40519578169182e-07 -2.40519497002721e-07 -0.0928011118951471
0.367 -2.47455602688852e-07 -2.4745551212109e-07 -0.0927829733430106
0.3675 -2.08999748382799e-07 -2.08999665385638e-07 -0.0928304568982281
0.368 -2.09515277846392e-07 -2.09515193428793e-07 -0.0928347462924773
0.3685 -1.96026580747499e-07 -1.96026499192282e-07 -0.0928513807149072
0.369 -2.08233636934259e-07 -2.0823355135227e-07 -0.0927891992551018
0.3695 -2.1346937623797e-07 -2.13469288492562e-07 -0.0928568695556334
0.37 -2.21779148112723e-07 -2.2177905742324e-07 -0.0928320947225563
0.3705 -1.98506918116595e-07 -1.98506833289633e-07 -0.0928069633650017
0.371 1.73985094181172e-07 1.73985184664936e-07 -0.0928331853952103
0.3715 -1.27078070304662e-07 -1.27077983630471e-07 -0.092752237772612
0.372 -1.78728133775915e-07 -1.78728051880409e-07 -0.0928624167529814
0.3725 -2.18534030979075e-07 -2.18533941707724e-07 -0.0928434545529587
0.373 -2.2048276743205e-07 -2.20482677824806e-07 -0.0928695503452419
0.3735 -2.30041784025993e-07 -2.30041690900375e-07 -0.0928422599793725
0.374 -2.16364985151976e-07 -2.16364895195761e-07 -0.0927944977307474
0.3745 -1.64779406780365e-07 -1.64779331294629e-07 -0.0928799384804406
0.375 -2.33202600322754e-07 -2.33202503783167e-07 -0.0928595287049028
0.3755 -2.23447343181274e-07 -2.23447248862863e-07 -0.092852362631036
0.376 -2.21948767520728e-07 -2.21948672958781e-07 -0.0928365683073089
0.3765 -2.24781876499012e-07 -2.24781780340966e-07 -0.0927979621283748
0.377 -1.70269604118505e-06 -1.70269595068706e-06 -0.0928657573789752
0.3775 -7.49971997796838e-07 -7.4997190186164e-07 -0.0928695316064796
0.378 -4.44033849620585e-07 -4.44033756351912e-07 -0.0928686087048915
0.3785 -3.65398006266586e-07 -3.65397910297809e-07 -0.0928374473089812
0.379 -3.09987117791973e-07 -3.09987030929087e-07 -0.092818525406084
0.3795 -3.26004261641878e-07 -3.26004167370605e-07 -0.0928534625376051
0.38 -3.55273994253922e-07 -3.55273889939958e-07 -0.0928619305244413
0.3805 -3.51216329324654e-07 -3.51216225421188e-07 -0.0928719973391305
0.381 -3.58741840873159e-07 -3.58741733903717e-07 -0.092814845881187
0.3815 -3.10608225579045e-07 -3.10608132396766e-07 -0.0928571985923072
0.382 -3.31118445263818e-07 -3.31118345096731e-07 -0.0928545650537388
0.3825 -3.24592017937432e-07 -3.24591918946541e-07 -0.0928722585201886
0.383 -3.38604276063478e-07 -3.38604172062125e-07 -0.0928503600791173
0.3835 -3.29276407393232e-07 -3.29276305431488e-07 -0.0927837118278011
0.384 -1.19476488011695e-06 -1.19476478387671e-06 -0.0928774282899781
0.3845 -7.41194793640768e-07 -7.41194689178543e-07 -0.0928587968488255
0.385 -4.00320299951123e-07 -4.00320222640012e-07 -0.0928985249411236
0.3855 -3.69335116290767e-07 -3.69335017388154e-07 -0.0928540704462509
0.386 -3.54985000482139e-07 -3.54984893201245e-07 -0.0928160103288555
0.3865 -2.6853020631764e-07 -2.68530119760607e-07 -0.0928711389959272
0.387 -2.88368356667744e-07 -2.88368261669027e-07 -0.0928710701621047
0.3875 -2.87930405038141e-07 -2.87930308840405e-07 -0.0928740603641732
0.388 -3.05641293219866e-07 -3.0564119071051e-07 -0.0928437291657318
0.3885 -3.3312059975335e-07 -3.33120488096404e-07 -0.0927843122442747
0.389 -3.12263991801781e-07 -3.12263885751594e-07 -0.092855798025594
0.3895 -3.0923356857192e-07 -3.09233462738741e-07 -0.0928599065670898
0.39 -2.7923553536747e-07 -2.79235437999202e-07 -0.0928689378900231
0.3905 -3.00797575153462e-07 -3.00797470502392e-07 -0.0928307367567888
0.391 -3.15682679037782e-07 -3.15682569133217e-07 -0.0928204551135579
0.3915 -3.09443933949828e-07 -3.0944382524154e-07 -0.0928332115496908
0.392 -2.85654958740502e-07 -2.85654856643363e-07 -0.0928371272593936
0.3925 -3.05584749750454e-07 -3.05584640817284e-07 -0.0928434275897472
0.393 -3.28481561735058e-07 -3.28481445021762e-07 -0.0927737405788847
0.3935 -2.86628543521927e-07 -2.8662843905507e-07 -0.0928181251573999
0.394 -3.12004131079102e-07 -3.12004018052883e-07 -0.092812350600791
0.3945 -2.15567757173532e-07 -2.15567673422149e-07 -0.0928272706427564
0.395 -2.55604366747494e-07 -2.5560426988645e-07 -0.0928045357302843
0.3955 -2.53605175823817e-07 -2.53605078918023e-07 -0.0927495625041816
0.396 -2.69548058556133e-07 -2.69547955988423e-07 -0.0928225014819005
0.3965 -3.05835673823104e-07 -3.05835559279766e-07 -0.0927879626296666
0.397 -2.56357989023278e-07 -2.56357889264821e-07 -0.0927837972364246
0.3975 -2.5426127033236e-07 -2.54261170561544e-07 -0.0927643033142136
0.398 -2.72615507251152e-07 -2.72615401016067e-07 -0.0927109950451212
0.3985 -2.7018778879882e-07 -2.70187682610104e-07 -0.0927654318454577
0.399 -2.15606202282646e-07 -2.15606112664758e-07 -0.0927553524115998
0.3995 -2.34338141162517e-07 -2.34338044956489e-07 -0.0927241832968861
0.4 -2.35243660247961e-07 -2.35243563067252e-07 -0.0926908855048099
0.4005 -2.60844696411953e-07 -2.60844590386131e-07 -0.0926259210883071
0.401 -2.53794449319283e-07 -2.53794344816145e-07 -0.092683510439769
0.4015 -2.3008511467565e-07 -2.30085017042827e-07 -0.0926705402518253
0.402 -1.97381351392501e-07 -1.97381263541181e-07 -0.0926601345514562
0.4025 -2.39386376173672e-07 -2.39386274116994e-07 -0.0925907665771705
0.403 -1.89427135627117e-07 -1.89427048898728e-07 -0.0926174645765141
0.4035 -2.36254819854946e-07 -2.36254717289932e-07 -0.0925814241024336
0.404 -1.56507548529924e-07 -1.56507471049595e-07 -0.0925274679338018
0.4045 -2.0725592036627e-07 -2.07255825680103e-07 -0.0925362408044163
0.405 -2.43523537756883e-07 -2.43523430442754e-07 -0.0924441700228612
0.4055 -1.873111362311e-07 -1.87311046471143e-07 -0.0924776002800978
0.406 -2.1698809089299e-07 -2.16987990635057e-07 -0.0924273411184272
0.4065 -1.00868169764349e-07 -1.00868106861025e-07 -0.0923938286685283
0.407 -1.40112645141044e-07 -1.40112568569858e-07 -0.0923461005239147
0.4075 -1.36964200535138e-07 -1.36964124195472e-07 -0.0922597604340799
0.408 -1.57691243076798e-07 -1.57691158988371e-07 -0.0922985137390445
0.4085 -1.97115758824258e-07 -1.97115660748303e-07 -0.0922251018861325
0.409 -1.34857756475774e-07 -1.34857678285398e-07 -0.0921742660202514
0.4095 -1.42979841014819e-07 -1.42979759195734e-07 -0.0921011611784963
0.41 -1.49877485493913e-07 -1.49877400423115e-07 -0.0919800570241759
0.4105 -1.6740406767138e-07 -1.67403975730909e-07 -0.0919549235565514
0.411 -9.50618989593606e-08 -9.50618304947922e-08 -0.0918706301942627
0.4115 -7.74011316059651e-07 -7.74011248929698e-07 -0.09178267753559
0.412 -3.03369923676732e-07 -3.03369855567837e-07 -0.0916739379712744
0.4125 -3.31545110167647e-06 -3.31545102611069e-06 -0.0915304569148412
0.413 -7.36582126170512e-07 -7.36582071061549e-07 -0.091505734352227
0.4135 -3.92589347637152e-07 -3.92589279249895e-07 -0.091394713621784
0.414 -1.96330831809334e-07 -1.96330770157166e-07 -0.0912708718520878
0.4145 -1.196476731586e-07 -1.19647613661034e-07 -0.0910672428541215
0.415 -2.61624300432421e-08 -2.61623926967556e-08 -0.0908368140739204
0.4155 -5.90693402162886e-08 -5.9069286464984e-08 -0.0906716839721292
0.416 -6.72436906693584e-08 -6.72436318832846e-08 -0.0904505532536597
0.4165 -1.86519560735135e-09 -1.86515813705304e-09 -0.0902577961848173
0.417 -3.72486980011298e-08 -3.72486467468357e-08 -0.0899926780932841
0.4175 2.18106728997118e-07 2.1810669169478e-07 -0.0897611046620998
0.418 8.15827975340097e-08 8.15828098441736e-08 -0.0895497041754286
0.4185 2.26060665848478e-08 2.26061011009303e-08 -0.0892419252306765
0.419 3.1842315354133e-08 3.18423480185242e-08 -0.0888251618880029
0.4195 1.66094983780005e-08 1.66095380369026e-08 -0.0882511125827503
0.42 9.96754386947285e-08 9.9675450269555e-08 -0.0875624570743896
0.4205 1.16138580893687e-07 1.16138588150233e-07 -0.0868781720284039
0.421 1.03840800436969e-07 1.03840813741075e-07 -0.0862145133572386
0.4215 1.66306580565222e-07 1.66306572943938e-07 -0.0857504642557557
0.422 2.03004485103672e-07 2.03004465904502e-07 -0.08528396272241
0.4225 2.23814329766489e-07 2.23814304868335e-07 -0.0848744389227274
0.423 9.9846619524046e-07 9.98466155747286e-07 -0.0845887894415773
0.4235 5.12694047207098e-07 5.12694005349969e-07 -0.0838152240448648
0.424 3.9778814149752e-07 3.97788086431873e-07 -0.0822419043330513
0.4245 3.13018974611601e-07 3.13018935800974e-07 -0.0799633759701815
0.425 3.47312433309501e-07 3.47312380928812e-07 -0.0770207317344139
0.4255 2.74107607088811e-07 2.7410757669071e-07 0.0342111163941806
0.426 3.42716801827453e-07 3.42716744917682e-07 0.028468482935335
0.4265 3.01991430351689e-07 3.01991387766189e-07 0.0256794879062902
0.427 3.30661791704916e-07 3.30661736802499e-07 0.0236151918248746
0.4275 3.32326915023683e-07 3.32326858141586e-07 0.0218745038508502
0.428 3.49796425904816e-07 3.49796360906276e-07 0.0203095264038635
0.4285 3.63034246628731e-07 3.63034175150554e-07 0.0188562536357013
0.429 9.27258045535656e-07 9.27257969917501e-07 0.0174875993902675
0.4295 6.355748951168e-07 6.35574813847601e-07 0.0162196048319548
0.43 6.39725936081701e-07 6.39725853073106e-07 0.0150303515180346
0.4305 4.92324426573966e-07 4.92324348027888e-07 0.0139033177511027
0.431 4.40721108865231e-07 4.40721030167088e-07 0.012850907020405
0.4315 4.19528116511898e-07 4.19528038450079e-07 0.0118469502552798
0.432 4.13856713941325e-07 4.13856634995077e-07 0.0108862372341671
0.4325 4.14028521421079e-07 4.140284409449e-07 0.00995663312716408
0.433 4.03944111626757e-07 4.03944034558365e-07 0.00904002111829386
0.4335 3.96046805639916e-07 3.96046731290024e-07 0.00814557213042914
0.434 3.88852088256827e-07 3.88852016411195e-07 0.00727446111309105
0.4345 3.83121356714004e-07 3.83121286780777e-07 0.00642348331179938
0.435 3.78205053990962e-07 3.78204985645289e-07 0.00559092817355625
0.4355 3.73712468585531e-07 3.73712401673094e-07 0.00477564573603477
0.436 3.69438430719573e-07 3.69438365180464e-07 0.00397625485091519
0.4365 3.65192367905133e-07 3.65192303765292e-07 0.00319138604253448
0.437 3.60898014505452e-07 3.60897951824556e-07 0.00242007076395425
0.4375 3.56519599303811e-07 3.56519538160995e-07 0.00166155277568331
0.438 3.52032095585613e-07 3.5203203606921e-07 0.000915288178885462
0.4385 3.47489654938882e-07 3.47489597119647e-07 0.00018093150209434
0.439 3.42963300716838e-07 3.42963244625084e-07 -0.000541605611351974
0.4395 3.38453672756209e-07 3.38453618431248e-07 -0.00125230639734773
0.44 3.33907891312651e-07 3.33907838819095e-07 -0.00195111969587285
0.4405 3.29335579302976e-07 3.29335528700384e-07 -0.00263792736434757
0.441 3.24769706639037e-07 3.24769657972378e-07 -0.00331259195432181
0.4415 3.20230218630702e-07 3.20230171940621e-07 -0.00397494136692173
0.442 3.15735680333136e-07 3.15735635652564e-07 -0.00462479576894335
0.4425 3.11268198610483e-07 3.11268155988252e-07 -0.00526195756568989
0.443 3.06792814093279e-07 3.06792773589742e-07 -0.0058862640359398
0.4435 3.02292284270663e-07 3.02292245973268e-07 -0.00649761571020879
0.444 2.97393355163222e-07 2.97393319353204e-07 -0.00709585469906462
0.4445 2.91973846427188e-07 2.91973813469011e-07 -0.00768019479809957
0.445 2.85880804993092e-07 2.85880775340001e-07 -0.00825121043755048
0.4455 1.82367497122441e-07 1.82367469378385e-07 -0.00881022794307534
0.446 1.93123488522018e-07 1.93123462449679e-07 -0.00935835492421459
0.4465 2.18635476764398e-07 2.18635451897756e-07 -0.00989196269108562
0.447 2.26983971590927e-07 2.26983947462176e-07 -0.010406254970618
0.4475 2.3140260751537e-07 2.31402582908598e-07 -0.0109000653007918
0.448 2.31337747695933e-07 2.31337724013885e-07 -0.0113784264906628
0.4485 2.25747141340189e-07 2.25747121427698e-07 -0.011832525715728
0.449 2.75316698097562e-07 2.75316679497837e-07 -0.0122476965545809
0.4495 2.39436477069992e-07 2.39436459906524e-07 -0.0126284211061922
0.45 2.24437798663648e-07 2.24437783503622e-07 -0.012977262488349
0.4505 2.15862798912652e-07 2.15862787117515e-07 -0.0132826759484923
0.451 2.11419313620058e-07 2.11419304376972e-07 -0.0135415040131463
0.4515 2.08073846145357e-07 2.08073839406528e-07 -0.0137598037478352
0.452 2.08420795961458e-07 2.08420789683996e-07 -0.0139479342676531
0.4525 2.06016672954005e-07 2.06016669049348e-07 -0.0141097484539547
0.453 2.05457251297356e-07 2.05457248696833e-07 -0.0142425662711672
0.4535 2.05399993230304e-07 2.05399991689039e-07 -0.0143496539598056
0.454 2.03712435720376e-07 2.03712436435065e-07 -0.0144274500052215
0.4545 2.03222777503373e-07 2.03222779807556e-07 -0.0144731507305468
0.455 2.06996527210681e-07 2.06996528247709e-07 -0.0144945610193982
0.4555 2.08348276605161e-07 2.08348278066097e-07 -0.0145086286866903
0.456 2.10567156821146e-07 2.10567158113141e-07 -0.0145080463763908
0.4565 3.18557827099969e-07 3.18557829772305e-07 0.0115941793843329
0.457 1.58900468774077e-07 1.58900471108521e-07 0.00625895311919721
0.4575 1.77729328100439e-07 1.77729329045491e-07 0.00514901640831411
0.458 1.80742329500864e-07 1.80742330193141e-07 0.00426716856437482
0.4585 1.81598476999512e-07 1.81598477715876e-07 0.003472857724553
0.459 1.81979723631879e-07 1.81979724537596e-07 0.00272999410384611
0.4595 1.82292218077149e-07 1.8229221926008e-07 0.00202578354166173
0.46 1.8275355811064e-07 1.8275355960429e-07 0.00135450962580469
0.4605 1.83125736293936e-07 1.83125738152079e-07 0.000712827301992845
0.461 1.83531880749053e-07 1.83531883007294e-07 9.82201716554763e-05
0.4615 1.83889574561363e-07 1.83889577260836e-07 -0.000490997076438993
0.462 1.84257389084983e-07 1.84257392255633e-07 -0.00105606286642722
0.4625 1.84619111583303e-07 1.84619115247509e-07 -0.00159791466017272
0.463 1.8499945176268e-07 1.84999455931817e-07 -0.00211727568368546
0.4635 1.85307095831534e-07 1.85307100560325e-07 -0.00261470389639839
0.464 1.85661110682978e-07 1.85661115976923e-07 -0.00309076525149395
0.4645 1.86034915076938e-07 1.86034920952594e-07 -0.00354602284732119
0.465 1.86411832933356e-07 1.86411839420494e-07 -0.00398101703071941
0.4655 1.86746879854744e-07 1.86746887018408e-07 -0.00439637800392266
0.466 1.87028867018427e-07 1.87028874943621e-07 -0.00479284925509039
0.4665 2.92589883804923e-07 2.92589891009294e-07 -0.00475434333117209
0.467 2.33684743801045e-07 2.33684753163852e-07 0.00228398076075834
0.4675 2.34478974792421e-07 2.34478983086048e-07 0.001489872138691
0.468 2.1834342388458e-07 2.18343431962485e-07 0.000826214518787261
0.4685 2.13556446357395e-07 2.13556454271994e-07 0.00021326886269547
0.469 2.1214011470008e-07 2.12140122575446e-07 -0.000365773451125236
0.4695 2.11952420699461e-07 2.11952428646427e-07 -0.000917057869793018
0.47 2.12234153248565e-07 2.12234161349725e-07 -0.00144367948437513
0.4705 2.40949845369717e-07 2.40949853683163e-07 -0.00195002000356951
0.471 2.54055413914996e-07 2.540554165343e-07 0.000287980968245039
0.4715 2.26966507470424e-07 2.26966516151287e-07 0.000761887050161624
0.472 2.2681908217026e-07 2.2681909056158e-07 0.000120496744878198
0.4725 2.27145815722212e-07 2.27145824062097e-07 -0.000461413208356439
0.473 2.27705731553855e-07 2.27705739927287e-07 -0.0010107125483906
0.4735 2.3110127056452e-07 2.31101279052891e-07 0.00058643493153009
0.474 2.32206660221916e-07 2.32206667983479e-07 -7.22768978349269e-05
0.4745 2.34828148066501e-07 2.34828155325528e-07 -0.000579155529501414
0.475 2.35912967989904e-07 2.35912975222668e-07 8.50245850391067e-05
0.4755 2.39771741408974e-07 2.39771747969142e-07 -4.63435005302238e-05
0.476 2.39459379207354e-07 2.39459385769676e-07 -0.000124906990824648
0.4765 2.39850514970189e-07 2.39850521432022e-07 5.32689455934195e-05
0.477 2.40962725810566e-07 2.40962731943912e-07 2.93435680063925e-05
0.4775 2.42134041362875e-07 2.42134047196347e-07 -2.59066218172154e-05
0.478 2.4322768742275e-07 2.43227692977854e-07 -3.33930816063515e-06
0.4785 2.44269361246062e-07 2.44269366503943e-07 9.04372257303449e-06
0.479 2.45324072574415e-07 2.45324077518509e-07 -9.19084501940722e-07
0.4795 2.4640016828536e-07 2.46400172908245e-07 -2.65104243153466e-06
0.48 2.47488545023357e-07 2.47488549317003e-07 9.54265461251316e-07
0.4805 2.48586296677236e-07 2.48586300629895e-07 6.9376602274271e-07
0.481 2.49686543483915e-07 2.49686547090171e-07 -4.11990049509618e-07
0.4815 2.5078435822051e-07 2.50784361475311e-07 -7.2222883835475e-08
0.482 2.51883324599467e-07 2.51883327500214e-07 2.05156361872154e-07
0.4825 2.52982189805506e-07 2.52982192347777e-07 3.08064889422525e-08
0.483 2.54078823317603e-07 2.54078825499185e-07 -1.82353356213147e-08
0.4835 2.55171153648814e-07 2.55171155467057e-07 4.91179784853636e-08
0.484 2.56256434479755e-07 2.56256435933718e-07 4.84229647608744e-08
0.4845 2.57341304376602e-07 2.57341305461956e-07 2.65809059967588e-08
0.485 2.58418964811901e-07 2.58418965524569e-07 3.1621775706127e-08
0.4855 2.59490360493473e-07 2.59490360833372e-07 3.73218913362801e-08
0.486 2.60554455174454e-07 2.60554455142841e-07 3.37439141008133e-08
0.4865 2.61608443830937e-07 2.61608443430485e-07 3.22215091273141e-08
0.487 2.62660985999947e-07 2.62660985227169e-07 3.38469409115439e-08
0.4875 2.63700539017447e-07 2.63700537876234e-07 3.40058673099519e-08
0.488 2.64730709242277e-07 2.64730707732941e-07 3.31679415782055e-08
0.4885 2.65753796790981e-07 2.65753794914467e-07 3.29759666019426e-08
0.489 2.66768001305123e-07 2.66767999061901e-07 3.29997879017621e-08
0.4895 2.67784774589281e-07 2.67784771975105e-07 3.25228726254133e-08
0.49 2.68795074013683e-07 2.68795071029092e-07 3.20677196335651e-08
0.4905 2.69792705488805e-07 2.69792702138078e-07 3.19839503716549e-08
0.491 2.70782380135682e-07 2.70782376420069e-07 3.19843425051915e-08
0.4915 2.71761847994481e-07 2.71761843914033e-07 3.16433339013497e-08
0.492 2.72731823955882e-07 2.72731819514532e-07 3.09570812129761e-08
0.4925 2.73685920217157e-07 2.73685915417455e-07 3.09310196684447e-08
0.493 2.74634411729244e-07 2.74634406576061e-07 3.09194529346235e-08
0.4935 2.75568223197222e-07 2.75568217692934e-07 3.06538835659296e-08
0.494 2.76491971278675e-07 2.76491965424892e-07 3.06842778045146e-08
0.4945 2.77406428356657e-07 2.77406422157883e-07 3.04954280196195e-08
0.495 2.78308423646194e-07 2.78308417109283e-07 2.9994270281777e-08
0.4955 2.79194997612316e-07 2.79194990739418e-07 2.94788415650314e-08
0.496 2.80072327190695e-07 2.80072319985202e-07 2.96173620532008e-08
0.4965 2.80944298825141e-07 2.80944291288957e-07 2.96898559298336e-08
0.497 2.81800179271785e-07 2.8180017140982e-07 2.94510130959583e-08
0.4975 2.82647353786753e-07 2.82647345604587e-07 2.84817482325532e-08
0.498 2.8348495530644e-07 2.83484946806067e-07 2.81045325085076e-08
0.4985 2.84308119154519e-07 2.84308110339361e-07 2.84070435490993e-08
0.499 2.85124842050361e-07 2.85124832923868e-07 2.82667784801178e-08
0.4995 2.85929364334213e-07 2.85929354901708e-07 2.75121708592577e-08
0.5 2.86722434523312e-07 2.8672242478896e-07 2.75947822626986e-08
