#
0.0005 0.00499995496248361  0.00500004503750895  0.0349997754961146
0.001 0.0050003618616129  0.00499963813836945  0.0349996025002991
0.0015 0.00500150053432284  0.00499849946563934  0.0349994094643636
0.002 0.00500341119780389  0.00499658880214071  0.0349991672780667
0.0025 0.00500610564661235  0.00499389435330544  0.0349988592945208
0.003 0.00500958550762164  0.00499041449227317  0.0349984748427827
0.0035 0.00501384813348372  0.00498615186641708  0.0349980066294633
0.004 0.00501888900734094  0.00498111099258259  0.0349974490181151
0.0045 0.00502470271799098  0.00497529728196451  0.0349967967607811
0.005 0.00503128328962256  0.0049687167103501  0.0349960439937994
0.0055 0.00503862499087887  0.00496137500907598  0.0349951834603473
0.006 0.00504666348630949  0.00495333651363457  0.0349941426558228
0.0065 0.00505531552813802  0.00494468447178885  0.0349928038233161
0.007 0.00506460411651179  0.00493539588338308  0.0349911803124315
0.0075 0.00507455262919058  0.00492544737071116  0.0349892825817139
0.008 0.00508518531969972  0.00491481468021528  0.0349871191074276
0.0085 0.00509652667271921  0.00490347332720443  0.0349846971861897
0.009 0.00510860081064446  0.00489139918929843  0.0349820228023664
0.0095 0.00512143080782403  0.0048785691921228  0.0349790999978614
0.01 0.00513503755011816  0.00486496244988554  0.0349759300579474
0.0105 0.00514943811892129  0.00485056188106822  0.0349725101977588
0.011 0.00516464232501991  0.00483535767497552  0.034968831621929
0.0115 0.00518062409104933  0.00481937590896668  0.0349648680323032
0.012 0.00519690240439155  0.00480309759556306  0.0349602893672334
0.0125 0.00521356301833555  0.00478643698160933  0.0349549417435607
0.013 0.00523065860448214  0.00476934139548497  0.0349488526379154
0.0135 0.00524821436088583  0.00475178563908806  0.0349420425025619
0.014 0.00526644725888743  0.00473355274109977  0.0349348064357166
0.0145 0.00528542626464083  0.00471457373532937  0.0349275223359385
0.015 0.00530481843823241  0.00469518156172696  0.0349195639998995
0.0155 0.00532449372264781  0.00467550627740772  0.0349105577089861
0.016 0.00534440732581624  0.00465559267434222  0.0349003189640591
0.0165 0.00536455029780048  0.00463544970248563  0.0348887968923388
0.017 0.00538492602533941  0.00461507397505193  0.034876033013819
0.0175 0.00540553899413824  0.00459446100634412  0.0348621282125497
0.018 0.00542639097992563  0.00457360902062884  0.0348472160896076
0.0185 0.0054475448517315  0.00455245514888352  0.0348310848887493
0.019 0.00546894761292523  0.00453105238778209  0.0348137066574479
0.0195 0.00549063623079132  0.0045093637698959  0.0347955638194675
0.02 0.00551262574532588  0.00448737425524675  0.0347770407233941
0.0205 0.00553491140918303  0.00446508859136273  0.0347583860489477
0.021 0.00555747555668727  0.00444252444374613  0.0347397425028518
0.0215 0.00558029392244468  0.00441970607818993  0.0347211743307022
0.022 0.00560334859795825  0.00439665140283945  0.0347026734246632
0.0225 0.0056266101877475  0.00437338981315874  0.0346842031719609
0.023 0.00565000460915922  0.00434999539185134  0.0346657771270695
0.0235 0.00567348704677008  0.00432651295432239  0.034647386628505
0.024 0.00569702533752397  0.00430297466365725  0.0346290088687901
0.0245 0.0057205943489518  0.00427940565227547  0.0346106095262282
0.025 0.00574417347430806  0.00425582652696845  0.0345921425494867
0.0255 0.00576774129069053  0.00423225871061496  0.0345735409739607
0.026 0.00579130710323639  0.00420869289812876  0.034554657772981
0.0265 0.00581476254749611  0.00418523745395844  0.0345353896098187
0.027 0.00583804975132279  0.00416195025019931  0.0345151567841333
0.0275 0.00586124813065467  0.00413875187090118  0.0344938820723576
0.028 0.00588435446306552  0.00411564553856779  0.0344716128353281
0.0285 0.00590737259510918  0.00409262740659438  0.0344483646459085
0.029 0.0059303270768336  0.00406967292492248  0.0344241391385781
0.0295 0.00595354864776826  0.00404645135409578  0.0343992837471014
0.03 0.00597672550232346  0.00402327449964198  0.03437402386633
0.0305 0.00599994953252046  0.00400005046951805  0.034348464303628
0.031 0.00602310965157021  0.00397689035050779  0.0343227933775875
0.0315 0.0060461979821608  0.00395380201989802  0.0342970348093923
0.032 0.00606923764673233  0.00393076235532719  0.0342711976089213
0.0325 0.00609224483980964  0.00390775516230484  0.0342451179742768
0.033 0.0061151176607152  0.00388488234140257  0.0342188063780191
0.0335 0.00613787089642723  0.00386212910563687  0.034192300407293
0.034 0.00616051670634671  0.00383948329567295  0.0341656234212544
0.0345 0.00618306069498817  0.00381693930698184  0.034138787757409
0.035 0.00620550435474247  0.00379449564719632  0.0341117953612422
0.0355 0.00622783380004299  0.00377216620198194  0.0340847019761129
0.036 0.0062500971410197  0.00374990286106634  0.0340575766210691
0.0365 0.00627225269755962  0.00372774730451139  0.0340304195435537
0.037 0.00629427079880176  0.00370572920327633  0.0340032203557774
0.0375 0.00631613131869733  0.00368386868334648  0.0339759494617968
0.038 0.00633781543027788  0.00366218457188363  0.0339484003462776
0.0385 0.00635965341638323  0.00364034658588194  0.0339200554586774
0.039 0.00638148130858418  0.00361851869369759  0.0338909005889229
0.0395 0.00640324480249891  0.00359675519983169  0.0338609219468929
0.04 0.00642492371510617  0.00357507628725738  0.0338300957806343
0.0405 0.00644651042879679  0.00355348957358587  0.0337983914811059
0.041 0.00646800880719257  0.00353199119521338  0.0337657747906299
0.0415 0.00648914457984134  0.00351085542273214  0.0337326609213374
0.042 0.00650984664357281  0.00349015335927039  0.0336995456663942
0.0425 0.0065304126554793  0.00346958734753808  0.0336664515165725
0.043 0.00655093443778338  0.0034490655653498  0.0336332679054167
0.0435 0.00657130740547626  0.00342869259770099  0.0335999040245022
0.044 0.00659141966776933  0.00340858033545593  0.0335664371159047
0.0445 0.00661117090325351  0.00338882910007342  0.0335329469922756
0.045 0.00663053039116638  0.00336946961222316  0.0334994670170646
0.0455 0.00664949421288627  0.00335050579070139  0.0334660162533411
0.046 0.00666803426050011  0.00333196574330013  0.0334326669533907
0.0465 0.00668611458535714  0.00331388541869709  0.0333993790500281
0.047 0.00670373877726663  0.00329626122698058  0.0333661265342833
0.0475 0.00672091315142239  0.00327908685296407  0.033332895676375
0.048 0.00673764419927589  0.00326235580518062  0.0332996673055616
0.0485 0.00675393461245006  0.00324606539198346  0.0332664102283661
0.049 0.00676977423943278  0.00323022576492005  0.033233081777381
0.0495 0.00678516062106745  0.00321483938309924  0.0331995564368766
0.05 0.00680006018273362  0.00319993982112251  0.0331657410293863
0.0505 0.00681463581972243  0.00318536418385629  0.0331313473149468
0.051 0.00682895898215561  0.00317104102128245  0.0330960645177076
0.0515 0.00684295800337141  0.00315704199992878  0.0330598830246215
0.052 0.00685634823591098  0.00314365176718139  0.0330228709597372
0.0525 0.00686864036378859  0.00313135963903247  0.0329854570026854
0.053 0.00688002255732393  0.00311997744517963  0.0329476948352986
0.0535 0.00689052582631906  0.0031094741758709  0.0329096197095615
0.054 0.00690015742768419  0.0030998425741901  0.0328712605163782
0.0545 0.00690891840802066  0.00309108159353017  0.0328326401744025
0.055 0.00691674402320204  0.00308325597805145  0.03279380262152
0.0555 0.0069232973616886  0.00307670263939002  0.0327549626522393
0.056 0.00692814787131607  0.00307185212929484  0.0327162581649726
0.0565 0.00693103640074266  0.00306896359903656  0.0326777787867205
0.057 0.00693190224104356  0.00306809775763926  0.0326396021814806
0.0575 0.00693083490189897  0.00306916509564725  0.0326017840987087
0.058 0.00692800270075099  0.00307199729563384  0.032564352831796
0.0585 0.0069235988321461  0.00307640116345125  0.0325273083614502
0.059 0.00691783518914162  0.00308216480596841  0.032490632778444
0.0595 0.00691099780484869  0.00308900218980723  0.0324541447245099
0.06 0.00690317648459285  0.00309682350953451  0.0324177255827582
0.0605 0.00689441351471648  0.00310558647888174  0.0323813257996749
0.061 0.00688474779246831  0.00311525220062757  0.0323448867458396
0.0615 0.00687422237720638  0.00312577761536944  0.0323083453513956
0.062 0.00686289458864013  0.00313710540342794  0.0322716291046829
0.0625 0.00685114890813165  0.00314885108353574  0.0322345541968389
0.063 0.00683916674004344  0.00316083325111262  0.0321966713311214
0.0635 0.00682685944779916  0.0031731405428486  0.0321579942015533
0.064 0.00681421017841916  0.00318578981172241  0.0321185268626846
0.0645 0.00680116026469942  0.00319883972495749  0.0320783215671199
0.065 0.00678747723564893  0.00321252275364705  0.0320382755135276
0.0655 0.00677327721297605  0.00322672277613967  0.0319983676594683
0.066 0.00675859424135964  0.0032414057472624  0.0319583856459177
0.0665 0.00674347662907343  0.00325652335902171  0.0319182544830256
0.067 0.00672800083999132  0.00327199914779765  0.0318779804772073
0.0675 0.00671225504298629  0.00328774494443475  0.0318374883012823
0.068 0.00669630977147074  0.00330369021577768  0.0317967952461059
0.0685 0.00668022213355064  0.0033197778536972  0.0317559757226119
0.069 0.00666404514250124  0.00333595484490309  0.0317151036788583
0.0695 0.00664783071302982  0.00335216927468325  0.0316742411274762
0.07 0.00663163294397555  0.0033683670441675  0.0316334306525203
0.0705 0.00661551517561496  0.00338448481315207  0.0315926885244297
0.071 0.00659959254305574  0.00340040744644629  0.0315518682915567
0.0715 0.00658363752510567  0.00341636246553856  0.0315102381838026
0.072 0.00656747026118999  0.00343252973049884  0.031467642963929
0.0725 0.00655108486380708  0.00344891512878688  0.031424003114842
0.073 0.0065347924006437  0.00346520759292686  0.0313790951330506
0.0735 0.00651861066579076  0.00348138932882224  0.0313328142872111
0.074 0.00650251569721713  0.00349748429840318  0.0312851554283939
0.0745 0.00648648424875855  0.00351351574784869  0.0312361066961049
0.075 0.00647049116388307  0.00352950883369514  0.0311856545515632
0.0755 0.00645398234538397  0.00354601765319386  0.0311338977268288
0.076 0.00643608377423977  0.00356391622539773  0.0310812566008212
0.0765 0.00641723954308453  0.00358276045773542  0.0310285215041005
0.077 0.00639792393767844  0.00360207606420348  0.0309759234727057
0.0775 0.00637841094425755  0.00362158905880407  0.0309236202077061
0.078 0.00635891832020322  0.00364108168413325  0.0308717510329015
0.0785 0.0063395444803073  0.00366045552539932  0.030820381170225
0.079 0.00632030201710154  0.00367969798993454  0.0307694961890495
0.0795 0.00630123546165523  0.00369876454656909  0.0307190884618173
0.08 0.00628230074378787  0.00371769926563942  0.0306690952033626
0.0805 0.0062634642377914  0.00373653577263837  0.0306194216387356
0.081 0.00624470174995314  0.00375529826130754  0.0305699442353014
0.0815 0.00622598209917245  0.00377401791284764  0.0305204688820469
0.082 0.00620733015757792  0.00379266985532593  0.0304708210920175
0.0825 0.00618887524190849  0.00381112477192795  0.030420487577629
0.083 0.00617053597798442  0.00382946403673753  0.0303691983482723
0.0835 0.00615197723292138  0.00384802278282934  0.0303172018365892
0.084 0.00613335158419179  0.00386664843275023  0.0302650479856482
0.0845 0.00611476920893224  0.00388523080910015  0.0302127654468315
0.085 0.00609625786136879  0.00390374215763571  0.0301603998327406
0.0855 0.00607782310035843  0.00392217691959208  0.030108027303962
0.086 0.00605951929273216  0.00394048072820987  0.0300560078905098
0.0865 0.00604137995754431  0.00395862006452487  0.0300045786211592
0.087 0.00602340783108815  0.003976592192004  0.0299538612593699
0.0875 0.0060055980239376  0.00399440200013177  0.0299038911687792
0.088 0.00598794099243839  0.00401205903254863  0.0298546341078425
0.0885 0.00597042395606739  0.00402957606983353  0.0298060117449066
0.089 0.00595303008289602  0.00404696994401697  0.0297579142946282
0.0895 0.0059357325396115  0.00406426748831013  0.0297102145401374
0.09 0.0059184552852678  0.00408154474385682  0.0296626600306452
0.0905 0.00590130046767453  0.00409869956247563  0.0296150576464776
0.091 0.00588427034470795  0.00411572968641512  0.0295673219791856
0.0915 0.00586724385370699  0.00413275617870177  0.029519020866681
0.092 0.0058501632152353  0.00414983681821534  0.0294699220411187
0.0925 0.00583310794085396  0.00416689209378999  0.0294200503411999
0.093 0.00581610391407839  0.00418389612167557  0.029369391591689
0.0935 0.00579906550816034  0.00420093452841633  0.0293180781607791
0.094 0.00578225128278777  0.00421774875460457  0.0292667986433363
0.0945 0.00576564453606076  0.00423435550201234  0.0292156375293285
0.095 0.00574922599542648  0.00425077404330128  0.0291645832873048
0.0955 0.00573299769285072  0.00426700234646355  0.0291136673384527
0.096 0.00571695438993525  0.00428304564985305  0.0290628633594224
0.0965 0.00570107539061856  0.00429892464939414  0.0290121035132032
0.097 0.00568533717209482  0.00431466286799866  0.028961280176256
0.0975 0.005669562851851  0.00433043718841791  0.0289097731747705
0.098 0.00565369714021407  0.00434630290032331  0.028857349611505
0.0985 0.00563779200993722  0.00436220803081208  0.0288040406467328
0.099 0.00562187297764959  0.00437812706326912  0.0287498256927764
0.0995 0.00560596805383241  0.00439403198723368  0.0286946494777914
0.1 0.00558999233083592  0.00441000771034435  0.0286382889680854
0.1005 0.00557388533227031  0.00442611470923192  0.0285805476943249
0.101 0.0055579156079986  0.00444208446739639  0.0285214728975619
0.1015 0.0055424970054321  0.00445750348640618  0.0284613912978664
0.102 0.00552747454648374  0.00447252706740012  0.0284005277841157
0.1025 0.00551312341255718  0.00448687725699069  0.028339917555682
0.103 0.00549912104172969  0.00450087043892051  0.0282803470823876
0.1035 0.00548513780849251  0.00451483070629017  0.0282219552156682
0.104 0.00547121004413174  0.00452871707251724  0.0281647263966036
0.1045 0.00545744022837895  0.00454242274773506  0.0281085503248051
0.105 0.00544388995003592  0.00455588140645228  0.0280532968379208
0.1055 0.00543058734871593  0.00456905904888416  0.02799883973063
0.106 0.00541754758181245  0.00458193282416105  0.0279450616590145
0.1065 0.00540479040942974  0.00459447452346133  0.0278918541142487
0.107 0.00539234324535195  0.00460666128114519  0.0278389980973693
0.1075 0.00538024019687774  0.00461846293181999  0.0277863508732615
0.108 0.00536843205543852  0.00462993033321812  0.0277337025891028
0.1085 0.0053568878510354  0.00464109874263668  0.0276810210908096
0.109 0.00534557856267125  0.00465200421089048  0.0276282483559753
0.1095 0.00533447149065668  0.00466271244698583  0.027575278168231
0.11 0.00532349860669563  0.00467326995465169  0.0275215737671356
0.1105 0.00531280508823456  0.00468355384667635  0.0274670109634056
0.111 0.00530256979971596  0.00469351797024279  0.0274115471526412
0.1115 0.00529367051116443  0.00470244066185956  0.027355503511198
0.112 0.00528610808844316  0.00470994184778684  0.0272994971226586
0.1125 0.00527998259647189  0.00471601318262017  0.0272437659189419
0.113 0.00527510300462059  0.00472086145694476  0.0271883935159746
0.1135 0.00527122495693541  0.00472473476312036  0.0271333908939718
0.114 0.00526809629037208  0.00472814273946944  0.0270787150478025
0.1145 0.00526501127394696  0.00473155062475071  0.0270237564486911
0.115 0.00526203564367633  0.00473480663784662  0.0269683761515637
0.1155 0.00525947888799164  0.00473770622600935  0.0269129003839736
0.116 0.00525750790944864  0.00473999655159323  0.0268582347128168
0.1165 0.0052558867257501  0.00474194541121516  0.0268042247657955
0.117 0.00525455155788412  0.00474362192207095  0.0267508232793511
0.1175 0.005253461328586  0.00474506507312631  0.0266981000634239
0.118 0.00525259008899375  0.00474629655995184  0.0266461723789291
0.1185 0.00525189912019233  0.00474735126533276  0.0265950216069855
0.119 0.00525134846082929  0.00474826578882415  0.0265445942846325
0.1195 0.00525089679494926  0.00474907951339129  0.0264946769843415
0.12 0.00525051866171337  0.00474981640524786  0.0264452205342929
0.1205 0.00525020339043462  0.00475048652859242  0.0263961992466115
0.121 0.00524993615251373  0.0047511037509577  0.026347290551664
0.1215 0.0052497127898345  0.00475167476670445  0.0262978233064421
0.122 0.00524953816295385  0.00475219472594912  0.026247763673753
0.1225 0.00524943575912002  0.0047526416718578  0.0261975318826756
0.123 0.00524940013998333  0.00475301708001354  0.0261472870920685
0.1235 0.00524942455544732  0.00475332820592445  0.0260970233221468
0.124 0.00524950018543315  0.0047535842480125  0.0260467335458843
0.1245 0.00524958119109984  0.0047538282235852  0.0259965240434179
0.125 0.00524957983794333  0.00475414521243676  0.0259464281693204
0.1255 0.00524939457892164  0.00475463544980916  0.0258964430141156
0.126 0.00524894645165979  0.00475537726745625  0.0258464867387774
0.1265 0.00524823548400744  0.00475637193399903  0.0257964422956503
0.127 0.00524730654242713  0.00475757525273653  0.0257462342582391
0.1275 0.00524623134859357  0.00475891696959203  0.0256957712035507
0.128 0.00524506140478509  0.00476032831082221  0.0256445850805097
0.1285 0.00524381975069159  0.00476181170665089  0.0255925097537062
0.129 0.00524251433103886  0.00476335713707135  0.0255396221442318
0.1295 0.00524123856565021  0.00476489012245461  0.0254864085379389
0.13 0.00524002021033326  0.00476637656313827  0.0254329395111379
0.1305 0.00523887489136925  0.00476779657353238  0.025379248732593
0.131 0.0052378088176702  0.00476913918179666  0.0253254112620969
0.1315 0.00523681291307575  0.0047704107256143  0.0252714457791017
0.132 0.00523585964565661  0.00477163660945938  0.0252173262399842
0.1325 0.00523493070652693  0.00477283336379527  0.0251629483837945
0.133 0.00523401399756385  0.00477401318631954  0.0251082592138304
0.1335 0.00523310290294265  0.00477518705663461  0.0250530855220742
0.134 0.00523221249982728  0.00477632467065897  0.0249970381478612
0.1345 0.00523135904916845  0.00477741696330033  0.0249401144057432
0.135 0.00523055331388269  0.00477847704487734  0.0248827758848983
0.1355 0.00522978288664344  0.00477950224974154  0.0248252235276591
0.136 0.00522904345969895  0.00478049801772893  0.024767499284863
0.1365 0.00522832697947655  0.00478147134246586  0.0247096788275119
0.137 0.00522757207312664  0.00478247455581389  0.0246520135088244
0.1375 0.00522669314361632  0.00478358565293778  0.0245946410817631
0.138 0.00522561800585209  0.00478487378900777  0.0245376345814637
0.1385 0.0052243151003869  0.00478637145962897  0.0244809110213002
0.139 0.00522281849993262  0.00478804797553911  0.0244243381896916
0.1395 0.00522118132945374  0.00478985362249158  0.024367806809763
0.14 0.00521946600424252  0.00479173180986515  0.0243111630397931
0.1405 0.00521769568771764  0.0047936321588558  0.024253938069422
0.141 0.00521588701160396  0.00479557628719385  0.024195931678914
0.1415 0.00521403737979007  0.00479755542111461  0.0241372867736426
0.142 0.00521218549135941  0.00479955193403869  0.0240783219202748
0.1425 0.00521035084268253  0.00480154299430399  0.0240193689310369
0.143 0.00520852622385411  0.00480351936669219  0.0239605030689499
0.1435 0.00520669931946571  0.00480548898414401  0.0239017043445612
0.144 0.00520487241291416  0.00480744500855142  0.0238426039184367
0.1445 0.00520303049017056  0.00480935520984353  0.0237829557866374
0.145 0.00520120211134188  0.00481123839601216  0.0237224897079226
0.1455 0.00519939815535133  0.00481309758245904  0.0236612175974324
0.146 0.00519762632630089  0.00481494739262017  0.0235994619607517
0.1465 0.00519587787192345  0.00481677376390942  0.0235375751082814
0.147 0.00519414768362152  0.00481858325138653  0.0234755969560423
0.1475 0.00519243208690595  0.00482037858643084  0.0234135600584215
0.148 0.00519069431332905  0.00482218505733354  0.0233516915844564
0.1485 0.00518884431068529  0.00482407521216821  0.0232901340608666
0.149 0.00518678521196469  0.00482613683351605  0.0232289576560396
0.1495 0.00518446125681845  0.00482842632365903  0.0231681420312058
0.15 0.00518187545206149  0.00483094741941988  0.0231074733840321
0.1505 0.00517909340116858  0.00483364250771991  0.0230468063227869
0.151 0.00517618254951891  0.00483645133920662  0.0229860049136546
0.1515 0.00517321364337286  0.00483931638650437  0.0229249189520703
0.152 0.00517018753966067  0.00484219027798607  0.0228631034863999
0.1525 0.00516711773744909  0.00484511618260761  0.0228003521064301
0.153 0.00516400802462841  0.00484808459165039  0.022736672105801
0.1535 0.00516086255723839  0.00485108988832409  0.0226720282576899
0.154 0.00515766241150422  0.00485415081037063  0.0226064128318258
0.1545 0.00515449598229523  0.00485717686994662  0.0225398580325097
0.155 0.00515137007175735  0.00486016041941473  0.0224723690689648
0.1555 0.00514827907036268  0.00486310695325255  0.0224039896102798
0.156 0.00514520924817214  0.00486602938989845  0.0223347689249805
0.1565 0.00514217100800966  0.00486892921128096  0.0222652627162276
0.157 0.00513914886344659  0.00487180991415512  0.0221955819859565
0.1575 0.00513613785287715  0.00487467633442409  0.0221257698821998
0.158 0.00513313379709335  0.00487753008226746  0.0220560354496578
0.1585 0.00513008666732926  0.00488041278480461  0.0219866999727294
0.159 0.00512692703524494  0.00488338624664536  0.0219179392631746
0.1595 0.00512360620805174  0.00488649645085474  0.0218497973093391
0.16 0.00512010992132019  0.00488976045161292  0.0217821804395528
0.1605 0.00511646630786188  0.00489315383328952  0.0217147697203011
0.161 0.0051127300786029  0.00489662669895214  0.0216474068734035
0.1615 0.00510894010178431  0.00490014336771204  0.0215799220233051
0.162 0.00510513660469083  0.00490366314470299  0.0215120673585293
0.1625 0.0051012887065546  0.00490721180256852  0.0214432716676497
0.163 0.00509740599815252  0.00491079578693895  0.0213735234031246
0.1635 0.0050934966153524  0.00491440654465144  0.021302619763201
0.164 0.00508959645897049  0.00491800634432314  0.0212303521708631
0.1645 0.00508571708026003  0.00492158318455979  0.0211570242448568
0.165 0.00508186618108856  0.00492512283164467  0.0210827997886142
0.1655 0.0050780331444833  0.00492865738001157  0.0210079203309126
0.166 0.00507422629545893  0.00493216052547166  0.0209329038842588
0.1665 0.00507043535752119  0.00493564300076766  0.0208577711869843
0.167 0.00506666053798223  0.00493910482328319  0.0207827655808269
0.1675 0.00506290060712066  0.00494254624609583  0.0207082028760994
0.168 0.00505913939878182  0.00494597886584996  0.0206343449231041
0.1685 0.00505534800791987  0.00494942796834377  0.020561333194974
0.169 0.00505150786209034  0.00495291158943995  0.020489137760143
0.1695 0.00504762310280073  0.00495642746335648  0.0204175917858716
0.17 0.00504371113756593  0.00495996105457381  0.0203464468419982
0.1705 0.00503979533959295  0.00496349307710278  0.0202754563818221
0.171 0.00503586638404515  0.0049670387142519  0.0202041580991648
0.1715 0.00503192371588721  0.00497057971679988  0.020132126956062
0.172 0.00502796122472026  0.0049741420875034  0.0200587966798265
0.1725 0.00502401570132083  0.00497768692658755  0.0199840953158906
0.173 0.00502008344428649  0.00498121761102908  0.0199080602371327
0.1735 0.00501616239438657  0.00498473602416082  0.0198306999189346
0.174 0.00501223402090182  0.00498825938026465  0.0197519700091294
0.1745 0.00500833075593524  0.00499175526143819  0.0196726092977084
0.175 0.0050044537984248  0.00499522460576995  0.0195933035625904
0.1755 0.00500059839163428  0.00499867149527028  0.0195141450339774
0.176 0.00499676902028859  0.00500209170574119  0.0194352635244723
0.1765 0.00499299654443401  0.00500545661700502  0.0193569764284239
0.177 0.00498931389190518  0.00500873553217855  0.0192795982075734
0.1775 0.00498573351788257  0.00501191681214265  0.0192032616020922
0.178 0.00498225056050172  0.00501500522106554  0.0191278957119887
0.1785 0.00497885241335384  0.00501801311402594  0.0190532839890544
0.179 0.0049755227283287  0.00502095589974634  0.0189791340244665
0.1795 0.00497224256975047  0.00502385233641849  0.0189051864548871
0.18 0.00496902622783818  0.00502668832861336  0.0188309328593564
0.1805 0.00496587698433295  0.00502946425856106  0.0187556084236015
0.181 0.0049627348694564  0.0050322315664684  0.0186789286575334
0.1815 0.0049595998135619  0.00503499103735705  0.0186009346843041
0.182 0.00495647508493118  0.00503773978571612  0.0185216432505905
0.1825 0.00495336160065636  0.00504047680407485  0.0184411205037916
0.183 0.00495022581698367  0.00504323401308428  0.0183597604703741
0.1835 0.0049471028386947  0.00504597650646824  0.018278205388209
0.184 0.00494399769466934  0.00504870130069204  0.018196693176322
0.1845 0.00494092174794834  0.00505139856631422  0.0181154674325932
0.185 0.00493791029228674  0.00505403642984082  0.0180347726167486
0.1855 0.00493503710033187  0.00505654883592395  0.0179549242642309
0.186 0.00493236074608746  0.00505888353924682  0.0178760798519775
0.1865 0.00492989875571429  0.00506102471061477  0.0177981802719686
0.187 0.00492763259408206  0.00506298920830265  0.0177210267764598
0.1875 0.00492554625902937  0.00506478842965345  0.0176440821212637
0.188 0.0049235887359626  0.00506646901799951  0.0175670467364183
0.1885 0.00492172596044834  0.00506806896398989  0.0174896444161734
0.189 0.00491993186624656  0.00506961790533083  0.0174112382719849
0.1895 0.00491820307336995  0.00507109857539844  0.0173317126502651
0.19 0.00491647148360331  0.00507258111463  0.017250826438099
0.1905 0.00491475045949159  0.00507405035194519  0.0171686756525078
0.191 0.00491302022298182  0.00507553205831374  0.0170856204803015
0.1915 0.00491127258750454  0.00507702443843609  0.0170017964612739
0.192 0.00490953800055468  0.00507850104469508  0.0169178445114741
0.1925 0.00490782498373729  0.0050799576850151  0.0168338267548373
0.193 0.00490613752291875  0.00508139047943056  0.0167498357831627
0.1935 0.0049045495492368  0.00508273346322608  0.0166663741256821
0.194 0.00490316792013682  0.00508389115815878  0.0165837981022085
0.1945 0.00490206621344656  0.00508479709518563  0.0165021709700407
0.195 0.00490125719227325  0.0050854391797708  0.016421361416132
0.1955 0.00490069060123157  0.00508586193406046  0.016340936775218
0.196 0.0049002867472141  0.00508613823624831  0.0162606450080034
0.1965 0.0048999875724052  0.00508632394051959  0.0161802357060352
0.197 0.00489977003016155  0.00508646165479869  0.0160990111878673
0.1975 0.00489962113379769  0.00508652558995486  0.0160168489451164
0.198 0.00489949966941565  0.00508656050782673  0.0159334536197472
0.1985 0.00489938465669759  0.00508658814660894  0.01584880669581
0.199 0.00489925440612343  0.00508663094006039  0.0157633155709012
0.1995 0.00489911648891508  0.00508668648788928  0.0156770334200598
0.2 0.00489897836867564  0.00508673251667474  0.0155906467649549
0.2005 0.00489885677157116  0.00508676432635599  0.0155042452305897
0.201 0.00489875603647866  0.00508677768295933  0.0154179078917391
0.2015 0.0048987469803573  0.00508670989714664  0.0153321093528943
0.202 0.00489895005876051  0.0050864542961179  0.0152471624331304
0.2025 0.00489944111740634  0.00508594385155039  0.0151631715703827
0.203 0.00490025014536827  0.00508514981145858  0.0150799858738687
0.2035 0.00490131458402657  0.00508412846163495  0.0149971516432669
0.204 0.00490254424200784  0.00508296141040929  0.0149144131510908
0.2045 0.00490386676495447  0.00508172614931941  0.0148314734893002
0.205 0.00490526621126482  0.00508043900033953  0.0147476168234003
0.2055 0.00490673114255452  0.00507908132897568  0.0146627521985525
0.206 0.00490820249894884  0.00507771570540194  0.0145765692051511
0.2065 0.00490967966032797  0.00507634319812027  0.0144892018417484
0.207 0.00491114334422374  0.00507499616691459  0.0144009587406857
0.2075 0.00491258958778073  0.00507364665478304  0.0143121173144591
0.208 0.00491403723071294  0.00507230121164157  0.0142232270681495
0.2085 0.0049154924969811  0.00507094938347735  0.014134298594318
0.209 0.00491696170470612  0.00506958611921465  0.014045696929614
0.2095 0.00491850662895185  0.00506815743710762  0.0139580204756186
0.21 0.00492019256988221  0.00506660787721154  0.0138715311464861
0.2105 0.00492205213537701  0.0050649099832948  0.0137861891406345
0.211 0.00492409934230856  0.00506304749927136  0.0137016795062195
0.2115 0.00492629051938181  0.00506105866330472  0.0136173482895862
0.212 0.00492854322315787  0.00505900694394096  0.0135329551437563
0.2125 0.00493084062371644  0.00505695826405151  0.0134479021963497
0.213 0.00493316886206969  0.00505486893732857  0.0133617496841519
0.2135 0.00493546883533216  0.00505280508694038  0.0132742532125359
0.214 0.0049377479445765  0.00505076154896574  0.013185413068907
0.2145 0.00494001749066259  0.00504873337725122  0.0130954430539286
0.215 0.00494214326139868  0.00504688455999859  0.0130046700419864
0.2155 0.00494398150569778  0.00504530625147728  0.0129137057448303
0.216 0.00494545926511151  0.00504408047543062  0.0128228801921161
0.2165 0.00494651926849494  0.00504326838630619  0.0127324811584962
0.217 0.00494704663319239  0.00504298670146189  0.0126429645449049
0.2175 0.00494697700588732  0.00504330553275554  0.0125546620352417
0.218 0.00494636362232859  0.0050441795318835  0.0124676471385501
0.2185 0.00494533096325672  0.00504548907340101  0.0123817253848912
0.219 0.00494401726865968  0.00504709643902209  0.0122965329598894
0.2195 0.00494256056875112  0.00504886564290129  0.0122114363153054
0.22 0.00494112841470884  0.00505066897001166  0.0121259411311331
0.2205 0.00493968924695674  0.00505246167144352  0.0120394282329354
0.221 0.00493818541838825  0.00505431491619771  0.0119516270160188
0.2215 0.00493663972697946  0.00505620823455748  0.0118625338151723
0.222 0.00493507425470758  0.00505811916023403  0.0117724324983223
0.2225 0.00493339222846453  0.00506017790377428  0.0116816132910243
0.223 0.004931492902398  0.00506243827850369  0.0115907954537355
0.2235 0.00492934156566504  0.00506494886136022  0.0115000327460923
0.224 0.0049268704318377  0.00506777429886747  0.0114097733268703
0.2245 0.00492402860173414  0.00507096494401897  0.011320505940341
0.225 0.00492079182939807  0.00507454537014823  0.0112326249618902
0.2255 0.00491723465606376  0.0050784441378862  0.0111462757091987
0.226 0.00491356029414651  0.00508246349869293  0.0110611105111709
0.2265 0.0049097936937443  0.00508657985042262  0.0109766502683304
0.227 0.0049059314595674  0.0050907957283611  0.0108925841008225
0.2275 0.00490211248807875  0.00509498983400423  0.0108083975451822
0.228 0.00489829750125103  0.00509917066217416  0.0107234098557352
0.2285 0.00489449091036909  0.00510333882243504  0.0106375355756385
0.229 0.00489065249007136  0.00510754000805209  0.0105504342241864
0.2295 0.00488677587495619  0.00511177680185135  0.0104625404095321
0.23 0.00488282122768314  0.00511609011485332  0.0103738506595532
0.2305 0.00487864629997913  0.00512062286967827  0.0102848371702207
0.231 0.0048742680678978  0.00512535642861967  0.0101958495646214
0.2315 0.00486967095934878  0.00513030645371082  0.0101069211969014
0.232 0.00486482519159926  0.00513549998892892  0.0100183861796367
0.2325 0.0048597293588547  0.00514093335337129  0.00993066713451541
0.233 0.00485447247184899  0.00514651441353692  0.00984397078142026
0.2335 0.0048492407669407  0.00515205597849654  0.00975826169408622
0.234 0.00484409809801058  0.0051574968182685  0.00967313548019497
0.2345 0.00483902811622477  0.0051628534177635  0.0095883386020063
0.235 0.00483411179637534  0.00516805025101958  0.00950322094992671
0.2355 0.00482927931080466  0.00517316088766311  0.00941732022251109
0.236 0.00482449886563836  0.00517821708390139  0.00933058368756525
0.2365 0.00481977246035772  0.0051832162840387  0.00924335951211548
0.237 0.00481502120345427  0.00518823772297216  0.00915552721148123
0.2375 0.00481021932685449  0.0051933075720106  0.00906697986957796
0.238 0.00480533074688002  0.00519844665413415  0.00897767917214567
0.2385 0.00480017797116295  0.00520383608565935  0.0088880627922458
0.239 0.00479481446906791  0.00520943262593894  0.00879852643577451
0.2395 0.00478923381199868  0.00521524199298728  0.00870914757704044
0.24 0.00478338991493549  0.00522130435934185  0.00862046705294033
0.2405 0.00477732021741402  0.00522757389520384  0.00853293749457984
0.241 0.00477126200137592  0.0052338077386891  0.00844662860901953
0.2415 0.00476535194930877  0.00523986024174368  0.00836129310945156
0.242 0.00475971456648355  0.00524556375273681  0.00827640708462196
0.2425 0.00475422603039575  0.00525110652867745  0.0081912209048376
0.243 0.00474877952494732  0.00525660422739459  0.0081067603883934
0.2435 0.00474343514903867  0.00526199450047494  0.00802303890335596
0.244 0.00473820247592926  0.00526726265149628  0.00794008790146743
0.2445 0.00473311273406774  0.00527237321270902  0.0078578426264532
0.245 0.00472820369194351  0.0052772839767066  0.00777604782487054
0.2455 0.00472346666908411  0.0052819998064772  0.00769455188698084
0.246 0.00471889167133639  0.00528653126625481  0.00761314301827209
0.2465 0.00471435862151405  0.00529101759436269  0.00753109899189766
0.247 0.00470965476607588  0.00529556651027412  0.00744833972866319
0.2475 0.00470471860415256  0.00530035617618768  0.00736549441301155
0.248 0.00469959277220969  0.0053053426321418  0.00728280278225612
0.2485 0.00469435189773371  0.0053103175675824  0.00720061577709734
0.249 0.00468950989883152  0.00531475199875486  0.00711851368348537
0.2495 0.0046852143798472  0.00531867535865444  0.00703615956720515
0.25 0.00468132496869672  0.00532219334630088  0.00695371756646978
0.2505 0.00467765517758044  0.00532553084371023  0.00687194816815846
0.251 0.00467400758298161  0.00532886609049305  0.00679076485069768
0.2515 0.00467025145832222  0.00533231533102102  0.00671014333730459
0.252 0.00466639097254315  0.00533586858682774  0.0066301818027678
0.2525 0.0046625059046411  0.00533944419325808  0.00655081994332658
0.253 0.00465869887543146  0.00534294237467401  0.00647195980081693
0.2535 0.00465502476158323  0.00534631073806725  0.00639331597380717
0.254 0.00465150677128342  0.00534952593046195  0.0063147890741757
0.2545 0.00464815488429263  0.00535257565473228  0.00623628504088865
0.255 0.00464488473618751  0.00535554108379135  0.00615716313720132
0.2555 0.00464160062651522  0.00535851950707264  0.00607723507125272
0.256 0.0046382805475358  0.00536153310936787  0.00599648072237211
0.2565 0.00463495258737908  0.00536455317099048  0.0059146993337352
0.257 0.00463175977754591  0.00536743674984888  0.00583229635617247
0.2575 0.00462891086538377  0.00536997556938102  0.00574961241123267
0.258 0.00462647843971428  0.00537209534334527  0.00566689657281982
0.2585 0.00462437496216341  0.00537387754042367  0.00558509178276964
0.259 0.0046224125421891  0.00537551391823416  0.00550424805022278
0.2595 0.00462040975111867  0.00537718895869078  0.00542436089549633
0.26 0.00461833134723485  0.00537894142995796  0.00534554963084327
0.2605 0.0046162350093609  0.0053807141073343  0.00526775590291662
0.261 0.00461418351360333  0.005382443652614  0.00519085646807631
0.2615 0.00461223510148376  0.00538407076243819  0.00511466341779348
0.262 0.00461040604445743  0.00538557789881268  0.00503881773603975
0.2625 0.00460871304724961  0.00538694816661265  0.00496320329746929
0.263 0.00460717051435538  0.00538816650851929  0.00488769984197297
0.2635 0.00460573268581656  0.00538927468105697  0.00481171386064913
0.264 0.00460430861308702  0.00539037156212719  0.00473489567901171
0.2645 0.0046028860678106  0.00539146783647019  0.00465719491326967
0.265 0.00460151012205005  0.00539251669688581  0.00457824691797976
0.2655 0.00460019972245368  0.00539350006706185  0.00449841266872655
0.266 0.00459918258676293  0.00539419220260511  0.00441810851488086
0.2665 0.00459858992064605  0.00539445953973028  0.00433776430554538
0.267 0.00459833649339495  0.00539432868043314  0.00425826435788186
0.2675 0.00459818830736376  0.0053940668678978  0.00417966402162233
0.268 0.00459795458165731  0.00539388496587928  0.00410197175923467
0.2685 0.00459759526361232  0.00539383402274708  0.00402529203313831
0.269 0.00459716966791956  0.00539385481536065  0.00394956181699081
0.2695 0.00459673892656593  0.00539388234534632  0.00387465714708681
0.27 0.00459635442449845  0.00539386006527201  0.0038004319119619
0.2705 0.00459603702626583  0.00539376269987676  0.00372652548614804
0.271 0.00459580360548911  0.00539357305096569  0.00365278234709057
0.2715 0.00459566735285967  0.00539327980262991  0.00357907977871641
0.272 0.00459562541891207  0.0053928745762481  0.00350514727077944
0.2725 0.00459561057180196  0.00539244301145841  0.00343035428660918
0.273 0.00459559248814641  0.00539201793275702  0.00335468593585463
0.2735 0.00459560333062417  0.00539156442055392  0.00327789134792001
0.274 0.00459565446030201  0.00539106962436908  0.00319989555730813
0.2745 0.00459588029445365  0.0053904025623645  0.00312126410072694
0.275 0.0045964980513196  0.00538935547791141  0.00304217271721872
0.2755 0.00459747412082738  0.00538786971365074  0.00296345020939016
0.276 0.00459865847657564  0.00538608771445548  0.00288547099437178
0.2765 0.00459983058739084  0.00538429075607876  0.0028083268061489
0.277 0.00460087374648865  0.00538262267365733  0.00273207230388286
0.2775 0.00460178152531537  0.00538110130703611  0.00265685155890919
0.278 0.00460260796889919  0.00537966813424031  0.00258257028164252
0.2785 0.00460339980770004  0.00537826791339118  0.00250911340607308
0.279 0.00460419949286262  0.00537684785939466  0.00243631011435615
0.2795 0.00460501970538923  0.00537538976513077  0.00236389140181589
0.28 0.00460588288746136  0.00537386870362534  0.00229177409356714
0.2805 0.00460680229858622  0.00537226381808384  0.00221981599173206
0.281 0.00460774947207148  0.00537060623711294  0.0021475154542242
0.2815 0.00460870571415556  0.00536894922659914  0.00207456101065602
0.282 0.00460965644678283  0.00536730445805285  0.00200095224639245
0.2825 0.00461062525386144  0.00536564419888382  0.00192639994150477
0.283 0.00461169555540055  0.00536388384188642  0.00185140969912268
0.2835 0.0046130710076759  0.00536182105326771  0.0017767238591988
0.284 0.00461485591970081  0.00535935159253342  0.00170263776987266
0.2845 0.00461688440786944  0.00535656529156953  0.00162979105546267
0.285 0.00461890831233403  0.00535366345452098  0.00155860938419418
0.2855 0.00462086481254322  0.00535079109086781  0.0014889686341649
0.286 0.00462280607081775  0.0053479636697237  0.00142052253651145
0.2865 0.0046248251626729  0.00534511981815194  0.00135289708503667
0.287 0.00462702539306664  0.00534212832084593  0.00128573412174505
0.2875 0.00462948580049383  0.00533887559699023  0.00121857691161093
0.288 0.00463227988809673  0.00533525966717181  0.00115081420078839
0.2885 0.00463547343874384  0.00533120571094704  0.00108127246262129
0.289 0.00463916607832785  0.00532663581005185  0.00100927484523177
0.2895 0.00464312048871052  0.00532142397976113  0.000934382672298243
0.29 0.0046470277412332  0.00531597836881218  0.00085683555646979
0.2905 0.00465082037420409  0.0053111690791489  0.00087112772005629
0.291 0.00465934937421619  0.00530169766695703  0.000944268196693477
0.2915 0.00467175931234409  0.00528887573465354  0.00101982776226337
0.292 0.0046849064993114  0.00527368294369728  0.00109669119155013
0.2925 0.00469730338891012  0.0052574059537514  0.00117357013287921
0.293 0.00470876314622435  0.00524112120708113  0.00124963625764482
0.2935 0.00471926607312644  0.00522513663481375  0.00132419348078493
0.294 0.00472900821795394  0.00520947529603916  0.00139678361996425
0.2945 0.00473836417921721  0.00519417647985184  0.00146722132801807
0.295 0.00474759691135691  0.00517925723949279  0.00153576349321975
0.2955 0.00475679089638162  0.00516464416403361  0.0016026248783833
0.296 0.00476601471986104  0.00515022583224386  0.00166802585074102
0.2965 0.00477520668467057  0.00513596277976464  0.00173206491399424
0.297 0.00478428349435785  0.00512186356657873  0.00179490437092754
0.2975 0.00479322314177012  0.00510789053625218  0.00185675647765178
0.298 0.00480197620529936  0.00509414785712796  0.00191764698758348
0.2985 0.00481061317190561  0.00508074837471002  0.00197728647824512
0.299 0.0048192648715842  0.00506777856410354  0.0020352880299683
0.2995 0.00482809864498281  0.0050552024848214  0.00209155616027293
0.3 0.00483722074199442  0.00504295353908861  0.00214623557320398
0.3005 0.00484669168117763  0.00503094880988151  0.00219950445220808
0.301 0.00485646215153344  0.00501919038590154  0.00225161506302614
0.3015 0.00486653029667698  0.00500770480955144  0.00230265368565922
0.302 0.00487679134927299  0.00499646573218823  0.00235272161690888
0.3025 0.00488714941654103  0.00498547669031036  0.00240183737649643
0.303 0.00489755109333898  0.00497472743265133  0.00244998263094783
0.3035 0.00490796176371951  0.0049642044817335  0.00249710041720928
0.304 0.00491832790345125  0.00495391870705173  0.0025429547405582
0.3045 0.004928625330512  0.00494384354766661  0.0025874155412466
0.305 0.00493885620256734  0.00493387769592101  0.00263027171699292
0.3055 0.00494902933096004  0.00492398871534924  0.00267153648356155
0.306 0.00495914646588686  0.00491418275039586  0.00271121288624684
0.3065 0.00496920945465735  0.00490445980349335  0.00274930547571891
0.307 0.00497922916544098  0.0048948144390277  0.00278584113250527
0.3075 0.00498920474327265  0.00488525940226547  0.00282102280975087
0.308 0.00499907475072202  0.00487582205656498  0.00285506830922224
0.3085 0.00500883099159528  0.00486650196294112  0.00288804441305559
0.309 0.00501847188497673  0.00485729179319371  0.00292000996274641
0.3095 0.00502799277685286  0.00484818741932408  0.0029510143324565
0.31 0.00503738945234632  0.00483918523147549  0.00298110143904143
0.3105 0.00504665837307687  0.00483028178156473  0.00301031056752849
0.311 0.00505579666183625  0.00482147370395306  0.00303867687774257
0.3115 0.0050648020163151  0.00481275780231762  0.00306623179398032
0.312 0.00507367269222269  0.00480413097500798  0.00309300330308574
0.3125 0.0050824074698175  0.00479559013148943  0.00311901618629869
0.313 0.00509100560131282  0.00478713221744803  0.00314429220881775
0.3135 0.00509946677077232  0.00477875422470318  0.00316885027912532
0.314 0.00510779105285534  0.00477045311815022  0.00319270654781796
0.3145 0.00511598673447876  0.00476221858402011  0.00321590631031192
0.315 0.00512402097190533  0.00475410733601378  0.0032385715863827
0.3155 0.00513184135719261  0.00474622157577469  0.0032606724531829
0.316 0.00513940091128697  0.0047386471077381  0.00328216923138519
0.3165 0.00514665226558443  0.00473146231663041  0.00330302140773185
0.317 0.00515355544376452  0.00472472770704614  0.00332319498410573
0.3175 0.00516008246915139  0.00471848140483617  0.00334266744316483
0.318 0.00516622030977646  0.00471273751667772  0.00336143050330135
0.3185 0.00517197139843333  0.00470748757734791  0.0033794902282985
0.319 0.00517735174803063  0.00470270459583148  0.00339686492745887
0.3195 0.00518238731140577  0.00469834856521474  0.00341358176830342
0.32 0.00518710798693527  0.00469437582157705  0.00342965109732225
0.3205 0.00519157543330503  0.00469072783941537  0.00344498755063302
0.321 0.00519582029371901  0.00468734517236901  0.00345961599641147
0.3215 0.00519985767739966  0.00468419153364198  0.00347356531519615
0.322 0.00520370477491819  0.00468123486995297  0.00348686083675325
0.3225 0.00520737696576352  0.0046784491117144  0.00349952257202801
0.323 0.00521088728344369  0.00467581378983637  0.00351156590815336
0.3235 0.00521424652947473  0.00467331306666618  0.003523002274898
0.324 0.00521746365614681  0.00467093469656763  0.00353383978372847
0.3245 0.00522054619469744  0.00466866910348155  0.00354408380830232
0.325 0.00522349938209661  0.00466650877501581  0.00355373976048502
0.3255 0.00522628417848926  0.00466446270219393  0.00356283707147793
0.326 0.00522885126177174  0.00466253751585186  0.00357140508464818
0.3265 0.00523118190242546  0.00466072225192397  0.00357945198973301
0.327 0.00523327199206869  0.00465900362624065  0.00358697773525677
0.3275 0.00523512532868932  0.00465736876898431  0.00359398003962178
0.328 0.00523675017357665  0.00465580617032526  0.00360045649157359
0.3285 0.00523815720652343  0.00465430609653381  0.00360640549034444
0.329 0.00523935821726727  0.00465286070746399  0.00361182660604249
0.3295 0.00524036524804911  0.00465146397028016  0.00361672062068376
0.33 0.00524119006750347  0.00465011147061118  0.00362108950145822
0.3305 0.00524184384769119  0.00464880016491645  0.00362493628004223
0.331 0.00524233692506863  0.00464752810629918  0.00362826487370928
0.3315 0.00524267869506433  0.0046462941807534  0.00363107990841845
0.332 0.00524287758024896  0.00464509787049807  0.00363338655347852
0.3325 0.00524294104069391  0.00464393905427927  0.00363519037850311
0.333 0.00524287561699658  0.00464281784423499  0.00363649723170097
0.3335 0.00524268698905055  0.00464173446412662  0.00363731313821642
0.334 0.00524238004343793  0.00464068915842274  0.00363764422025718
0.3345 0.00524195894457552  0.00463968213165841  0.00363749662806884
0.335 0.00524142721044804  0.00463871350833083  0.00363687648454959
0.3355 0.00524078778231662  0.00463778330485259  0.0036357898462156
0.336 0.00524004308733422  0.00463689141889253  0.00363424266574887
0.3365 0.00523919509865829  0.00463603763098427  0.00363224074753908
0.337 0.00523824539408064  0.00463522160838218  0.00362978969087608
0.3375 0.00523719520194342  0.00463444291893783  0.0036268948951422
0.338 0.00523604543868551  0.00463370104064191  0.00362356154409634
0.3385 0.00523479674760474  0.00463299536852446  0.0036197945771933
0.339 0.00523344954221747  0.00463232522234312  0.00361559866624276
0.3395 0.00523200404373661  0.00463168985413724  0.00361097818582238
0.34 0.00523046030920927  0.00463108845357034  0.00360593718316744
0.3405 0.00522881826009491  0.00463052015363333  0.00360047934435584
0.341 0.00522707770270807  0.00462998403267438  0.00359460795919969
0.3415 0.00522523836976399  0.00462947911863639  0.00358832585306996
0.342 0.00522330002496671  0.00462900439106357  0.00358163533212853
0.3425 0.00522126244916539  0.00462855877879857  0.00357453816665949
0.343 0.00521912542617493  0.00462814115357894  0.00356703552779803
0.3435 0.00521688876266696  0.00462775032011817  0.00355912791624162
0.344 0.00521455231371063  0.00462738500041957  0.00355081507089304
0.3445 0.00521211601717551  0.00462704381894613  0.00354209585848286
0.345 0.0052095799370685  0.00462672531052756  0.00353296815490447
0.3455 0.00520694433471729  0.00462642794210017  0.00352342861190333
0.346 0.0052042097708464  0.00462615004665134  0.00351347236296005
0.3465 0.005201377285194  0.00462588978502256  0.00350309259648027
0.347 0.0051984487319351  0.00462564515420957  0.00349227982507897
0.3475 0.00519542752907684  0.0046254141033984  0.00348102008418003
0.348 0.00519231877820357  0.00462519729200545  0.00346926601709031
0.3485 0.00518913241078431  0.00462498916126357  0.0034569921542694
0.349 0.00518587154167016  0.00462478644332612  0.00344420312555033
0.3495 0.00518253714306843  0.00462458676059746  0.00343090059968573
0.35 0.00517912981414121  0.00462438798482624  0.00341708512382277
0.3505 0.00517565000547875  0.00462418812762976  0.00340275625577705
0.351 0.00517209730925936  0.00462398497645274  0.00338791366282834
0.3515 0.00516846372170718  0.00462378127965829  0.00337266885147838
0.352 0.00516475060390561  0.00462359403672768  0.00335710548060184
0.3525 0.00516093964290081  0.00462343493307267  0.00334122479983973
0.353 0.00515700530425534  0.00462332093994696  0.00332502779882137
0.3535 0.00515292114101834  0.0046232734787441  0.00330851313977603
0.354 0.0051486670194976  0.00462331473995761  0.00329167965680966
0.3545 0.00514423370348474  0.0046234636717049  0.0032745274412913
0.355 0.00513962884962353  0.00462373821625702  0.0032570388644834
0.3555 0.00513486496926986  0.00462414832500229  0.00323908328032242
0.356 0.00512995617409755  0.00462468255979886  0.00322066487722066
0.3565 0.00512491842426065  0.00462532978406277  0.00320180550683269
0.357 0.00511977956537519  0.00462608663005237  0.00318260057386686
0.3575 0.00511448081061458  0.00462689174327885  0.00316314930385195
0.358 0.00510896167937439  0.00462766590547178  0.00314350025662631
0.3585 0.00510320437221484  0.00462834851389914  0.00312369984403346
0.359 0.00509721527253182  0.00462889481710498  0.00310378941586399
0.3595 0.00509101319074759  0.00462927537761984  0.00308380349335233
0.36 0.00508462169794071  0.00462947505259905  0.00306376863000056
0.3605 0.00507806463379694  0.00462949114334413  0.00304370305413266
0.361 0.00507136381029336  0.00462933086648992  0.00302361704914948
0.3615 0.00506453809960902  0.00462900848929837  0.00300351390120921
0.362 0.00505760332471517  0.00462854251745709  0.00298339118540054
0.3625 0.00505057255105211  0.00462795326414345  0.00296324213220981
0.363 0.00504345649516809  0.00462726102223001  0.00294305675213691
0.3635 0.00503626399765122  0.00462648466658482  0.00292282282568716
0.364 0.00502900246831337  0.00462564083310612  0.00290252656945295
0.3645 0.0050216782634799  0.00462474360376922  0.00288215293163051
0.365 0.00501429696729881  0.0046238044597027  0.00286168561296794
0.3655 0.00500686359784147  0.00462283247460819  0.0028411070782169
0.366 0.00499938280970519  0.0046218346608225  0.00282039831225463
0.3665 0.00499185907012724  0.00462081634044257  0.00279953833946746
0.367 0.00498429690009534  0.00461978149457679  0.00277850362799017
0.3675 0.00497670103434911  0.00461873311134696  0.00275726734880965
0.368 0.0049690765937794  0.00461767350931922  0.00273579809616413
0.3685 0.0049614294710307  0.00461660461422219  0.00271405753133016
0.369 0.00495377132749622  0.00461552982502678  0.00269197971163451
0.3695 0.00494610382700093  0.00461445024554241  0.00266951027837139
0.37 0.00493842491816198  0.00461336904318588  0.00264677514235131
0.3705 0.00493073087971586  0.00461228602789493  0.00262377570277494
0.371 0.00492303401893232  0.00461120592562411  0.00260043725405969
0.3715 0.00491529728462907  0.00461012564295122  0.00257666998561851
0.372 0.00490753420626851  0.00460904634013688  0.00255256795506064
0.3725 0.00489974948017274  0.00460796866259845  0.00252817609573007
0.373 0.0048919414269436  0.00460689269649801  0.00250351581170959
0.3735 0.00488410864587187  0.00460581839797648  0.00247860378998965
0.374 0.00487624953902415  0.00460474558339245  0.00245345230867382
0.3745 0.00486836237730853  0.00460367393983518  0.0024280698056821
0.375 0.00486044537435277  0.00460260303157085  0.00240246120882899
0.3755 0.00485249672285842  0.00460153229892736  0.00237662811206782
0.376 0.00484451461536724  0.00460046104460405  0.00235056883948499
0.3765 0.00483649725925219  0.00459938840781557  0.00232427843052368
0.377 0.00482844289143556  0.00459831332256419  0.00229774853558444
0.3775 0.00482034979800117  0.00459723445604296  0.00227096722187156
0.378 0.00481221634378569  0.00459615012031678  0.00224391866810004
0.3785 0.00480404102604837  0.0045950581455425  0.00221658268437844
0.379 0.00479582257451806  0.00459395570480487  0.00218893396726598
0.3795 0.00478756017230988  0.00459283905573884  0.00216094085479438
0.38 0.00477925409753672  0.00459170324336236  0.00213256293000569
0.3805 0.00477091449522392  0.00459053875757585  0.00210374025123021
0.381 0.00476254914254704  0.00458933499128477  0.0020743686534485
0.3815 0.00475416039776148  0.00458809920189559  0.00204442350515913
0.382 0.00474575430572778  0.0045868343940094  0.00201388383826241
0.3825 0.00473732375058116  0.00458554516548343  0.00198277553111421
0.383 0.00472881142421295  0.00458428928837553  0.00195130852291906
0.3835 0.00472012251347591  0.0045831493401881  0.00191961171302793
0.384 0.00471132270990354  0.0045822078385025  0.00188780692217777
0.3845 0.00470253553079499  0.00458151091665891  0.00185590459317983
0.385 0.00469381990119684  0.0045810514157416  0.00182389697652996
0.3855 0.00468517156493315  0.00458069833155205  0.00179191826434176
0.386 0.00467672047209402  0.00458028778472552  0.0017598713500947
0.3865 0.00466848032445387  0.00457970357736084  0.00172777358179684
0.387 0.00466044719208586  0.00457887243962119  0.00169564444961492
0.3875 0.00465261332826228  0.00457776890131384  0.00166349240659657
0.388 0.00464496121244  0.00457641173663837  0.00163130835702142
0.3885 0.00463748254319863  0.00457487446203246  0.0015992190527368
0.389 0.00463017682366432  0.0045732551109031  0.00156727061647648
0.3895 0.0046229989655137  0.00457162467319666  0.00153546017024399
0.39 0.00461593285379013  0.00457002677283663  0.00150380818916781
0.3905 0.0046089882679146  0.0045684836658634  0.00147228857512368
0.391 0.00460221498495205  0.00456699956223063  0.00144086015817369
0.3915 0.00459561795995256  0.00456555482763219  0.00140953796113095
0.392 0.00458922546104396  0.00456414504132044  0.00137834115272032
0.3925 0.004583064930833  0.00456276209671614  0.0013472599107162
0.393 0.00457715778392587  0.00456140640241681  0.00131626132333042
0.3935 0.00457151753343407  0.00456008314133374  0.00128527904133918
0.394 0.00456615276439853  0.00455880043610018  0.00125421380015057
0.3945 0.00456106848435984  0.00455756783115216  0.00122293611499076
0.395 0.00455626616837468  0.00455639483324874  0.00119128780810755
0.3955 0.00455174341264094  0.00455528965622269  0.00115908070212423
0.396 0.00454749362020313  0.00455425807665226  0.00112609201339596
0.3965 0.00454350545948171  0.00455330232280767  0.0010920560084039
0.397 0.00453976161590581  0.00455241941058587  0.00105665132532599
0.3975 0.00453623573271559  0.00455159767580093  0.00101948286786464
0.398 0.00453300422797167  0.0045509086760104  0.000980007237416528
0.3985 0.0045303048191062  0.00455053946206564  0.000937571619056444
0.399 0.004527961696659  0.00455048853813169  0.000891653732258129
0.3995 0.00452558883933713  0.0045508413761288  0.000842184491726291
0.4 0.00452408671540692  0.00455111330067302  0.000864064604229177
0.4005 0.00452360524359503  0.00455330844753987  0.000912521381173415
0.401 0.00452254905601672  0.00455662429782238  0.000964190722835309
0.4015 0.00452102158803772  0.00456002244208597  0.00101866245263686
0.402 0.00451974879478071  0.00456373196812519  0.00107522516600999
0.4025 0.00451832253021729  0.00456720676467671  0.00113260340652209
0.403 0.00451660005231941  0.00457005621839866  0.00118961934106224
0.4035 0.00451463578215944  0.00457227840627678  0.00124544102654679
0.404 0.00451251089583562  0.00457402478849992  0.00129956027499508
0.4045 0.0045102802681264  0.00457543312566796  0.00135172299878632
0.405 0.00450797529447381  0.00457659471888109  0.00140184869192026
0.4055 0.00450561648807586  0.00457757019302142  0.00144996364444807
0.406 0.00450321930884758  0.00457840638731604  0.00149615718731609
0.4065 0.00450079627833499  0.00457914432165251  0.00154055699227582
0.407 0.0044983568799225  0.00457982118969155  0.00158331433893775
0.4075 0.00449590811952771  0.00458047145066921  0.00162460098230789
0.408 0.00449345541067309  0.00458112682145647  0.0016646000871963
0.4085 0.00449098141884416  0.00458181191975331  0.00170319580178404
0.409 0.00448850383397242  0.00458253554093424  0.00174054358827182
0.4095 0.00448602520418641  0.00458329953679326  0.00177675480936586
0.41 0.00448354153898656  0.00458410559698325  0.00181188483163285
0.4105 0.00448104949747268  0.00458495258248239  0.00184595769587937
0.411 0.00447854028692518  0.00458582702493306  0.00187878464251789
0.4115 0.00447602238332063  0.00458670630070973  0.00191022023025193
0.412 0.00447352153383753  0.00458757084838821  0.00194020274408844
0.4125 0.00447103549207134  0.00458842058420701  0.00196873929709591
0.413 0.00446856326603475  0.00458925523007894  0.00199582990295407
0.4135 0.00446610357364129  0.00459007382832454  0.00202147478032292
0.414 0.00446365497829377  0.00459087545835702  0.00204567397290303
0.4145 0.00446121613649702  0.00459165935501817  0.00206842739906409
0.415 0.00445878581061483  0.00459242488693871  0.00208973489425457
0.4155 0.00445633806771137  0.00459317807042703  0.00210967000856452
0.416 0.00445367016830667  0.00459401623763552  0.0021285704975208
0.4165 0.00445080134930598  0.00459500243344135  0.00214635779749931
0.417 0.00444773996848299  0.004596166561218  0.0021629929745489
0.4175 0.00444448089505643  0.00459753224846617  0.00217846843464
0.418 0.00444102755694635  0.00459910560455055  0.0021927907230064
0.4185 0.00443741112717702  0.00460090091729009  0.0022061463886122
0.419 0.00443372497371678  0.00460294140638705  0.00221871012638419
0.4195 0.00442998365991412  0.00460519892539255  0.00223044128181346
0.42 0.00442620768621257  0.00460763408513856  0.00224134356605717
0.4205 0.00442242475654514  0.00461020928327256  0.00225143026362739
0.421 0.00441866109478569  0.00461289240166579  0.00226071647218569
0.4215 0.00441493757592327  0.00461565770814771  0.0022692170072614
0.422 0.00441126878372773  0.00461848530315734  0.00227694581482051
0.4225 0.00440766348346825  0.00462136002978164  0.00228391588626208
0.423 0.00440411039243831  0.00462425895265682  0.0022902187207619
0.4235 0.00440057347846044  0.00462706929832192  0.00229615971835508
0.424 0.00439705265678416  0.00462981530145985  0.00230170227341696
0.4245 0.0043935471212576  0.0046325448111646  0.00230681830795224
0.425 0.00439005723074705  0.00463528152140207  0.00231149478875513
0.4255 0.00438658319113695  0.0046380350030033  0.00231572430268476
0.426 0.00438312494260742  0.00464080764731287  0.00231950237575429
0.4265 0.00437968220790062  0.00464359853016764  0.00232282636970293
0.427 0.00437625455380569  0.00464640545858881  0.00232569489411631
0.4275 0.00437284143036478  0.00464922600467508  0.00232810745080861
0.428 0.00436944220098619  0.00465205798545103  0.00233006418187402
0.4285 0.00436605616846392  0.00465489964280594  0.00233156566066526
0.429 0.00436268260151722  0.00465774966208838  0.00233261270020788
0.4295 0.00435932075838411  0.00466060712167864  0.00233320618608247
0.43 0.00435596990634259  0.00466347141959632  0.0023333469075722
0.4305 0.00435262933518212  0.00466634219212257  0.00233303539070046
0.431 0.00434929836504301  0.00466921923306184  0.0023322717350884
0.4315 0.00434597635603348  0.00467210241434418  0.0023310554349538
0.432 0.00434266271139124  0.004674991627939  0.00232938518026303
0.4325 0.00433935686181545  0.0046778867544104  0.00232725861007877
0.433 0.00433605825202877  0.00468078764316865  0.00232467196126422
0.4335 0.00433276633405993  0.00468369413149276  0.00232161945285692
0.434 0.00432949573979918  0.00468660101106982  0.00231798413016014
0.4345 0.00432624610805459  0.00468951691214019  0.00231365527169765
0.435 0.00432301846138092  0.00469243804376838  0.00230864224340147
0.4355 0.00431981454226766  0.00469536158323691  0.00230294370187263
0.436 0.0043166361758955  0.00469828545664996  0.00229655325513405
0.4365 0.00431348811374064  0.00470120086977498  0.00228941080849994
0.437 0.00431036263097099  0.0047040899178273  0.00228135022351368
0.4375 0.0043072632556938  0.00470694765504151  0.00227237774938835
0.438 0.00430419329151914  0.00470977200089533  0.00226250203040722
0.4385 0.00430115481509808  0.00471256143393465  0.00225172749954931
0.439 0.00429814941604601  0.00471531470469144  0.00224005690428226
0.4395 0.00429517840068511  0.00471803071674034  0.002227491968604
0.44 0.00429224295777326  0.00472070849744093  0.002214034680623
0.4405 0.00428934640376302  0.00472337793778523  0.00219983462167342
0.441 0.00428650536504262  0.00472604875373289  0.0021850280806663
0.4415 0.00428371076545436  0.00472872292898843  0.00216960434015534
0.442 0.00428092035637667  0.00473140894357478  0.00215374346586686
0.4425 0.00427816525322197  0.0047340855941492  0.00213755888180551
0.443 0.00427544904168795  0.00473675446058492  0.00212104506750766
0.4435 0.00427277261907452  0.00473941593027907  0.0021042084765025
0.444 0.00427013638438649  0.00474207038187392  0.00208705540296183
0.4445 0.00426753928606958  0.00474471692950614  0.00206960002324763
0.445 0.00426495508722654  0.00474738149755823  0.00205195788500543
0.4455 0.00426232823950661  0.00475015383059809  0.00203424779133006
0.446 0.0042595972791415  0.00475312650039636  0.00201656644415728
0.4465 0.0042567108803593  0.00475637311049675  0.00199898157947114
0.447 0.00425363749369901  0.00475993656989696  0.00198153003527636
0.4475 0.00425036865446054  0.00476382575780341  0.00196422007450377
0.448 0.00424691679059661  0.0047680198999765  0.00194703643279041
0.4485 0.0042433092586919  0.00477247760789462  0.00192994688730986
0.449 0.00423958117135948  0.00477714718209041  0.00191290876052384
0.4495 0.00423576890508637  0.00478197544386397  0.00189587486308036
0.45 0.00423190073001813  0.00478691710338107  0.00187875816367955
0.4505 0.00422800558278919  0.00479193622666788  0.00186146214781846
0.451 0.00422409821756086  0.00479700799598153  0.00184396643299154
0.4515 0.00422018729589003  0.00480211734003298  0.00182624816001125
0.452 0.00421627783522132  0.00480725502946191  0.00180828710314347
0.4525 0.00421237196329581  0.004812415975637  0.00179006540772044
0.453 0.00420846988213968  0.00481759770567317  0.00177156667476274
0.4535 0.00420457070432843  0.00482279916912971  0.00175277502765315
0.454 0.00420067304138846  0.00482801989819069  0.00173367421005184
0.4545 0.00419677536518956  0.00483325943532504  0.00171424663236573
0.455 0.00419287617874258  0.00483851703192948  0.00169447238070155
0.4555 0.00418897415414525  0.00484379133530912  0.00167432671887015
0.456 0.00418508870531226  0.0048490580528781  0.00165369180164524
0.4565 0.00418116555490824  0.00485433729917356  0.00163243310719239
0.457 0.00417720667153897  0.00485962505867301  0.00161055883210512
0.4575 0.00417321344519431  0.00486491946050749  0.00158805576721516
0.458 0.00416918790016484  0.00487021832764507  0.00156490375536151
0.4585 0.00416514049946835  0.00487550654508365  0.0015410286187054
0.459 0.00416107037094844  0.00488081171132846  0.00151622421220127
0.4595 0.00415697663083046  0.00488613563444213  0.00149048646024206
0.46 0.00415286292225127  0.00489147208729855  0.00146380898728916
0.4605 0.00414873297201021  0.00489681565596385  0.00143617612931723
0.461 0.00414459053750022  0.00490216133496948  0.00140756536348731
0.4615 0.00414043973524727  0.00490750392238763  0.00137794576292147
0.462 0.00413628612940523  0.00491283524908427  0.00134724089748033
0.4625 0.00413215696811053  0.00491812600151561  0.0013151727594569
0.463 0.00412806232141367  0.00492336812395571  0.0012817001143589
0.4635 0.00412407059854032  0.00492850219425389  0.00124690042634318
0.464 0.0041202519746953  0.00493345132824661  0.00121101445181661
0.4645 0.00411658186637236  0.00493822880584911  0.00117407032555581
0.465 0.00411306340642257  0.00494286318715336  0.00113608806307082
0.4655 0.00410978948277146  0.00494742015142758  0.00109727161324975
0.466 0.00410674386764423  0.0049518753299838  0.00105778994671808
0.4665 0.00410390801730025  0.00495623730198083  0.00101770878985723
0.467 0.00410116131572721  0.00496047900579739  0.00097713786972064
0.4675 0.00409857178639429  0.00496456941634072  0.000936387037077784
0.468 0.00409611632216068  0.00496852530608812  0.000895570353163564
0.4685 0.00409370229822846  0.00497238913476303  0.000854882891462682
0.469 0.00409159863820831  0.00497570616873716  0.000844423032856988
0.4695 0.00408807655558443  0.00497990004753874  0.000885059266143544
0.47 0.00408345745660956  0.00498434090208851  0.000931110749646121
0.4705 0.0040780834726588  0.00498877654523097  0.000979754316662509
0.471 0.00407199144017178  0.00499337744215471  0.00102908465693468
0.4715 0.00406515121871253  0.0049980036941593  0.00107777062723463
0.472 0.0040580643729508  0.00500268221361489  0.00112551770801447
0.4725 0.00405093100663971  0.00500739537714973  0.00117212533364544
0.473 0.0040438712475773  0.00501208616604214  0.00121715266299609
0.4735 0.00403683939149773  0.00501680623225313  0.00126056897261405
0.474 0.00402982349489533  0.0050215454079035  0.00130241581583673
0.4745 0.00402282046611358  0.00502629814135781  0.00134272071754881
0.475 0.00401582839292554  0.00503106097555114  0.00138150430831188
0.4755 0.00400884597396125  0.00503583131153194  0.00141878180109412
0.476 0.00400187234698275  0.00504060704380536  0.00145456439401157
0.4765 0.00399490690317998  0.00504538646050089  0.00148886031180393
0.477 0.00398794993680769  0.00505016291494978  0.00152176454979024
0.4775 0.00398099551717338  0.00505490632340992  0.00155374484074956
0.478 0.00397407508245289  0.00505961653677769  0.00158484888543
0.4785 0.00396716353234746  0.00506432548116659  0.00161518802246429
0.479 0.00396027560341964  0.0050690408770704  0.00164497150353413
0.4795 0.00395341370796522  0.00507375941414289  0.00167423557154943
0.48 0.00394657528945371  0.00507848948002203  0.00170301316911515
0.4805 0.00393975960953198  0.0050832359448944  0.00173133191856858
0.481 0.0039329661669209  0.00508800266278122  0.00175921585799953
0.4815 0.00392619458169188  0.00509279289346845  0.00178668547676745
0.482 0.0039194445663381  0.00509760946998413  0.00181375788879066
0.4825 0.00391271590866115  0.00510245488407196  0.00184044706057129
0.483 0.00390601263824534  0.0051073408064651  0.00186683139132059
0.4835 0.00389935850359005  0.00511228427916332  0.00189288923709764
0.484 0.00389276729743935  0.00511730308917965  0.00191855114849418
0.4845 0.00388626028222228  0.00512241163320806  0.00194376427012622
0.485 0.00387985741100215  0.00512761154861699  0.00196850001270028
0.4855 0.00387357417946955  0.0051328929595722  0.00199275079494452
0.486 0.00386741888832441  0.00513824053911941  0.00201652477940734
0.4865 0.00386139142505346  0.00514363965847311  0.00203983953263679
0.487 0.00385548388896988  0.00514908020812606  0.00206271582502454
0.4875 0.00384968263189193  0.00515455757924491  0.00208517250471221
0.488 0.00384397090525209  0.00516007142217617  0.00210722280887494
0.4885 0.00383833142394478  0.00516562307594781  0.0021288719219382
0.489 0.0038327444029927  0.0051712102039499  0.00215008132330866
0.4895 0.00382719560797649  0.0051768180714179  0.00217080828669847
0.49 0.00382168121588684  0.00518245127315428  0.00219105841921603
0.4905 0.00381619230115058  0.00518811838936629  0.00221083499538808
0.491 0.00381072223093463  0.00519382500345625  0.00223013606222072
0.4915 0.00380526624057754  0.00519957463500411  0.00224895409921021
0.492 0.00379982088294854  0.00520536932816826  0.0022672765781026
0.4925 0.0037943835891226  0.00521121004072758  0.00228508593066486
0.493 0.00378895244613407  0.00521709682087239  0.00230235834906689
0.4935 0.00378353671213749  0.00522302176207066  0.00231903305160182
0.494 0.00377814636937726  0.0052289616453938  0.00233487939948393
0.4945 0.00377274120683272  0.00523494259557061  0.00234974537805415
0.495 0.00376731804510021  0.0052409719390767  0.00236363636521813
0.4955 0.0037618751351451  0.00524704747547027  0.00237656282618206
0.496 0.00375641037770621  0.00525317009075169  0.0023885389303918
0.4965 0.00375093578199351  0.00525934570641466  0.00239976712791049
0.497 0.0037454684060773  0.00526556392888402  0.00241037223302796
0.4975 0.00374002218713246  0.00527179301169848  0.00242058271922496
0.498 0.00373460494708445  0.00527803292309767  0.00243041945382276
0.4985 0.00372920969459273  0.0052842900211451  0.0024398827565025
0.499 0.00372382813963918  0.00529056713057738  0.0024489726561554
0.4995 0.003718452776782  0.0052968647849276  0.0024576879633412
0.5 0.0037130782266834  0.00530318167444168  0.00246602677491842
