#
0.0005 0.000148885117036058 -0.000148885132386957 -0.00036083290842551
0.001 0.00152342746999648 -0.00152342752217064 -0.000352824307827278
0.0015 0.00304267687401791 -0.00304267689848076 -0.000428312232000144
0.002 0.00460345316225025 -0.00460345320656698 -0.000545833099162268
0.0025 0.00617471242474229 -0.00617471248338547 -0.000689573860242168
0.003 0.00774377927484419 -0.00774377928871352 -0.000850604271681567
0.0035 0.00930519259015652 -0.00930519255727856 -0.00102408285993457
0.004 0.0108564943773094 -0.0108564943211571 -0.00120807434858652
0.0045 0.0123963535522214 -0.0123963534810327 -0.00140288436326685
0.005 0.0139239478592397 -0.0139239478518664 -0.00161048048091777
0.0055 0.0154413261851156 -0.0154413262009629 -0.001835026664573
0.006 0.0166773171715429 -0.0166773171276859 -0.00238595202080328
0.0065 0.0179315250160035 -0.0179315250683101 -0.00296676853913889
0.007 0.0192286118356834 -0.0192286118607414 -0.00352450564245992
0.0075 0.0205728616009429 -0.0205728614934527 -0.00406388283435256
0.008 0.0219658671138014 -0.0219658672143818 -0.00458767528941236
0.0085 0.0234075366473621 -0.0234075367363317 -0.00509803233360965
0.009 0.0248967052105085 -0.0248967053771723 -0.00559814679694941
0.0095 0.0264302720867823 -0.0264302720788342 -0.00609260689497171
0.01 0.0280024726499596 -0.0280024728014535 -0.00658803048154172
0.0105 0.029603282243823 -0.029603282207087 -0.00709421541965994
0.011 0.0312126021468905 -0.0312126022238362 -0.00762623904182692
0.0115 0.0321353699145897 -0.0321353698865913 -0.00834496364793084
0.012 0.0328706867933689 -0.032870687002445 -0.00993440704690312
0.0125 0.0337295102139647 -0.0337295100909608 -0.011442817442726
0.013 0.0346403469840596 -0.0346403469394693 -0.0129051518264225
0.0135 0.0355795896512631 -0.0355795896691945 -0.0143289496402484
0.014 0.0372711653761808 -0.0372711652192205 -0.0142787403021239
0.0145 0.0383976006650725 -0.0383976008989159 -0.0150809350556333
0.015 0.0390784313284559 -0.0390784314397513 -0.0168766716774158
0.0155 0.0395909708954323 -0.0395909705580842 -0.0192091129094836
0.016 0.0400548042437871 -0.0400548039229107 -0.0217618023752364
0.0165 0.0405163517117107 -0.0405163512192528 -0.0243117328888751
0.017 0.0409874147161969 -0.0409874141638081 -0.026709406647601
0.0175 0.0414648092636646 -0.0414648087159837 -0.0288647581755372
0.018 0.0419470276049259 -0.0419470270340845 -0.0307340486038123
0.0185 0.0425046569911616 -0.042504656490187 -0.0336366262179742
0.019 0.0430685163336124 -0.0430685162703386 -0.0356628132200283
0.0195 0.0436718872716471 -0.0436718876335478 -0.0367659116392672
0.02 0.0442774845320991 -0.0442774844143168 -0.0372394783516724
0.0205 0.0448565695218658 -0.0448565698404344 -0.0373307458062356
0.021 0.0453907910523161 -0.0453907907197761 -0.0372218502763922
0.0215 0.0458744349218449 -0.0458744344863434 -0.0370508004274729
0.022 0.0463446827918181 -0.0463446827741062 -0.0369785278453474
0.0225 0.0466735767135503 -0.0466735763893899 -0.0368961877229207
0.023 0.0468889156377318 -0.0468889152035759 -0.0368109017865484
0.0235 0.0470300429069881 -0.047030042557506 -0.0367586675994012
0.024 0.0471147632415388 -0.0471147629413075 -0.0367637731353812
0.0245 0.0471544649503837 -0.0471544648313006 -0.0368488210512594
0.025 0.0471561537382339 -0.047156153737774 -0.0370390405993652
0.0255 0.0471024584515295 -0.0471024581664634 -0.0374398933290027
0.026 0.0470970923846674 -0.0470970920979289 -0.0380850901495417
0.0265 0.046768448435316 -0.0467684483005752 -0.0394188822658917
0.027 0.0465336919903888 -0.0465336924458944 -0.0415529418963165
0.0275 0.0463186602173694 -0.046318660133021 -0.0435597623066601
0.028 0.0461282850180998 -0.0461282848959921 -0.0455219519560695
0.0285 0.045952430079198 -0.0459524300788305 -0.047474072116611
0.029 0.0467715180673387 -0.0467715179258528 -0.0496077593166248
0.0295 0.0465125711299563 -0.0465125712078206 -0.0501433692576813
0.03 0.0463433726055319 -0.0463433726182587 -0.0509350261872689
0.0305 0.0463690991086601 -0.0463690991573996 -0.0512111708601416
0.031 0.0462382229613292 -0.0462382226672261 -0.051428704998168
0.0315 0.0461012126917763 -0.046101212828268 -0.0515879047341556
0.032 0.0461108525946179 -0.0461108521290397 -0.0518282164469933
0.0325 0.0458708814638624 -0.0458708814003011 -0.0523869583828273
0.033 0.0456187586074356 -0.0456187581786189 -0.0528203779016376
0.0335 0.0453957154895392 -0.0453957154569914 -0.0531863841856776
0.034 0.0451885776366941 -0.0451885776941498 -0.0535142514855364
0.0345 0.044987677764327 -0.0449876779515237 -0.0538264129227227
0.035 0.0447788875567271 -0.0447788871553367 -0.054216780062712
0.0355 0.0446073279094625 -0.0446073278672761 -0.0542311295466452
0.036 0.0444317852357634 -0.0444317859126755 -0.0542859762938589
0.0365 0.0441813726438312 -0.0441813729330323 -0.0543515146822539
0.037 0.0438846280585354 -0.0438846281209192 -0.0544563421544549
0.0375 0.0435536448990649 -0.0435536451032316 -0.0547044851554988
0.038 0.0436924632663861 -0.0436924628104429 -0.0559589428572917
0.0385 0.0437275887691369 -0.0437275890987876 -0.0575270218953475
0.039 0.0436124171661821 -0.0436124171831087 -0.0591366730851668
0.0395 0.0434502265587545 -0.0434502268224357 -0.0607990944333575
0.04 0.0432680929100158 -0.0432680929518871 -0.0625202603842136
0.0405 0.0430802480388522 -0.0430802480952461 -0.0643109095573992
0.041 0.0431179047074991 -0.0431179046007938 -0.066271214233177
0.0415 0.0419816792060884 -0.0419816783263489 -0.0665996082194234
0.042 0.0412265314072997 -0.0412265308081731 -0.0662114435128315
0.0425 0.0411196651970598 -0.0411196647694419 -0.0662648469514499
0.043 0.0409596230624328 -0.0409596228262133 -0.0665346810327644
0.0435 0.0405235227192981 -0.0405235224357133 -0.0668450653463757
0.044 0.0398704543958012 -0.0398704544702633 -0.066959933618171
0.0445 0.0391144532485526 -0.039114453315479 -0.0669746186291341
0.045 0.038315767078971 -0.0383157667743969 -0.0669337374234573
0.0455 0.0375097701529185 -0.0375097701142332 -0.0667591134785052
0.046 0.036598394927987 -0.036598394514009 -0.0666004041228003
0.0465 0.0356956702381207 -0.0356956696885121 -0.0665278175736
0.047 0.0347935696314775 -0.034793569154339 -0.0664756582251623
0.0475 0.0339027672552852 -0.033902766981249 -0.0664501731235557
0.048 0.0330212444145641 -0.033021244326847 -0.066472183793949
0.0485 0.0321385028514343 -0.0321385030250024 -0.0665715620706153
0.049 0.0312311636061159 -0.031231164094341 -0.0668143476460461
0.0495 0.0303142632510714 -0.030314263786857 -0.0673376108414004
0.05 0.0293903620340874 -0.029390363258184 -0.0680281049872862
0.0505 0.0289676653576135 -0.0289676667477354 -0.0697230709329935
0.051 0.0283468950381639 -0.028346895383029 -0.0714763172621174
0.0515 0.0276546129638903 -0.0276546134743508 -0.07327503064438
0.052 0.0256394891621244 -0.0256394901150963 -0.074584565729183
0.0525 0.0236859053123496 -0.0236859059817365 -0.0752371500378198
0.053 0.0218922685794321 -0.0218922691961154 -0.0758655031678125
0.0535 0.0201380106055932 -0.0201380112345604 -0.0764492996266908
0.054 0.018394120118164 -0.0183941207828846 -0.0769884576511071
0.0545 0.0166516009289702 -0.0166516016122877 -0.0774903612439019
0.055 0.0145510881703493 -0.0145510888098551 -0.0777641522366739
0.0555 0.0115269421710846 -0.0115269422319911 -0.0776070088089068
0.056 0.0077925483578461 -0.0077925506884995 -0.0772241408776256
0.0565 0.00374536247126771 -0.00374536489084258 -0.0766828706190076
0.057 -0.000248878284447659 0.000248876745136825 -0.0760103589763921
0.0575 -0.0039622976313661 0.00396229495419496 -0.075254486330573
0.058 -0.00730133489805756 0.00730133246047748 -0.0744712500152406
0.0585 -0.0102496029218405 0.0102496014944422 -0.0737163007505194
0.059 -0.012656018150257 0.0126560186112943 -0.0729592664169936
0.0595 -0.014675281542679 0.0146752813352915 -0.0728669883318979
0.06 -0.0165976388859349 0.016597637869948 -0.0727902362806608
0.0605 -0.0184419657358339 0.0184419646724101 -0.0728155582053368
0.061 -0.0202071357223543 0.0202071346704323 -0.0729571886471352
0.0615 -0.0218761294367458 0.0218761283943011 -0.0732307561588249
0.062 -0.0234057658670712 0.0234057648883491 -0.0736638248799941
0.0625 -0.0237116886199938 0.0237116855359942 -0.0750314319521478
0.063 -0.0242938725951674 0.0242938709599149 -0.0765895422539148
0.0635 -0.0249600643332708 0.0249600630273366 -0.0781528244378643
0.064 -0.0256428431734642 0.0256428421356667 -0.0797296249260256
0.0645 -0.0269345316871287 0.0269345295072404 -0.0806956170376588
0.065 -0.0279493041261355 0.0279493008033748 -0.0799655150488817
0.0655 -0.0289154908961519 0.0289154899213899 -0.0798834822576541
0.066 -0.0298258066649898 0.0298258049543018 -0.0801178125416969
0.0665 -0.030633917144479 0.0306339158061721 -0.0804236697975429
0.067 -0.0312225522768818 0.0312225524863705 -0.0807074860310919
0.0675 -0.0317035195676416 0.0317035191303067 -0.0811977360692782
0.068 -0.0320482516549813 0.0320482515096403 -0.0815346609441456
0.0685 -0.0322810695817327 0.032281070015068 -0.0817136153528342
0.069 -0.0324084932068 0.0324084938857719 -0.0817520747380017
0.0695 -0.0324310306582563 0.0324310312926304 -0.0816832190651424
0.07 -0.032339343397067 0.0323393446403494 -0.0815527618226691
0.0705 -0.0321031628204431 0.0321031646219023 -0.0814218958734346
0.071 -0.0317104607233011 0.0317104641622542 -0.0822599412473387
0.0715 -0.032076484895717 0.0320764876265356 -0.0841693493794816
0.072 -0.03258156840556 0.0325815703275889 -0.0862002840708995
0.0725 -0.032680400145195 0.0326804025000166 -0.0883735873793103
0.073 -0.0324526733696418 0.0324526758197315 -0.0911691808204223
0.0735 -0.0322648523410779 0.032264854552641 -0.0939290188958118
0.074 -0.0321167760414451 0.0321167780323427 -0.09670076112935
0.0745 -0.0320153790871726 0.0320153811225245 -0.0994953191341954
0.075 -0.0319650036729018 0.031965005546144 -0.10231673561586
0.0755 -0.0348129571765289 0.034812959885979 -0.104515933441671
0.076 -0.0371737826743688 0.0371737857875859 -0.105888087193399
0.0765 -0.0383126383294116 0.0383126392818484 -0.105450638556021
0.077 -0.0389433624380562 0.038943363908633 -0.104989499548542
0.0775 -0.0390660434414336 0.0390660454919692 -0.104217264879454
0.078 -0.0388847227321648 0.0388847253386377 -0.103252448525165
0.0785 -0.0386110426973741 0.0386110452973584 -0.102233364723165
0.079 -0.0383417222519361 0.038341724096875 -0.101344205170801
0.0795 -0.0380022041919255 0.038002206151528 -0.100396436021522
0.08 -0.037767224913274 0.0377672270216564 -0.0996383509093304
0.0805 -0.0375937755188406 0.0375937770674205 -0.0991076604358952
0.081 -0.0374656824743673 0.0374656841649581 -0.098872344246749
0.0815 -0.0374176637567445 0.0374176647394274 -0.0991214291513082
0.082 -0.0371239386947612 0.0371239411404106 -0.0997714310795128
0.0825 -0.0368412037294703 0.0368412032493575 -0.10173697871519
0.083 -0.0365714771420888 0.0365714778720444 -0.103488968308526
0.0835 -0.0373888965528206 0.0373888974356744 -0.10430584914225
0.084 -0.0372689385286923 0.0372689415452392 -0.104512451817691
0.0845 -0.0371178227299302 0.0371178245089528 -0.10468333616441
0.085 -0.0369471965381797 0.0369471987436409 -0.104797565274403
0.0855 -0.0367391057437272 0.0367391069452839 -0.104428163783249
0.086 -0.0364344284245711 0.036434429470203 -0.103469249903754
0.0865 -0.0361060841604976 0.0361060877237398 -0.10215944928408
0.087 -0.0357774880061381 0.0357774902785481 -0.100681289015651
0.0875 -0.0354622788923742 0.0354622807721428 -0.0992049104398623
0.088 -0.0351692490549552 0.0351692508203319 -0.097847976253643
0.0885 -0.0349021782198548 0.0349021799865717 -0.096673989563979
0.089 -0.0346798574331962 0.0346798591686832 -0.0957617843287622
0.0895 -0.0346044028446442 0.0346044032069288 -0.0951689595939402
0.09 -0.034434467989621 0.034434467777308 -0.0951691321853915
0.0905 -0.0341940047699344 0.0341940058744328 -0.0953235453809758
0.091 -0.0339634776015292 0.0339634782159046 -0.0958807071630352
0.0915 -0.0341869835784761 0.0341869843728179 -0.0974858943778748
0.092 -0.0341603209531415 0.0341603238000186 -0.0989891049041994
0.0925 -0.0340684124622594 0.0340684158216187 -0.100530723176624
0.093 -0.0339493608886197 0.0339493640325101 -0.102121904688644
0.0935 -0.0339407556597838 0.0339407574475 -0.102858810046226
0.094 -0.0334749931040285 0.0334749946144251 -0.10250925562608
0.0945 -0.0330248780983138 0.0330248792888162 -0.102245112586292
0.095 -0.0326470433525824 0.0326470442677306 -0.101971726311584
0.0955 -0.0322676923079632 0.0322676935627848 -0.101704854361397
0.096 -0.0319122374042232 0.0319122380389925 -0.101535089462349
0.0965 -0.0316179096819624 0.031617910191765 -0.101540873379773
0.097 -0.0312781244382177 0.0312781249676338 -0.101845084831023
0.0975 -0.0316377428216407 0.0316377430812754 -0.103899944258882
0.098 -0.0317705091354797 0.0317705091769085 -0.105712324114666
0.0985 -0.0318282200943536 0.0318282205022939 -0.10750507816964
0.099 -0.0318349844181473 0.0318349845210694 -0.109363942580815
0.0995 -0.0317243419563463 0.0317243413462216 -0.111203967189673
0.1 -0.0320997484773144 0.0320997485120465 -0.114078013271446
0.1005 -0.0323088250738248 0.0323088249882248 -0.116841778670599
0.101 -0.0312497178563232 0.0312499884779558 -0.119151815630276
0.1015 -0.0304777817091356 0.0304793556308466 -0.121034859256667
0.102 -0.0293490532192061 0.029350971678239 -0.121909230426204
0.1025 -0.0281356189665874 0.0281274763993752 -0.120229192980169
0.103 -0.0279502366680135 0.0279197812492092 -0.117970348190356
0.1035 -0.0279441049971909 0.0278811819434072 -0.115587850376856
0.104 -0.0277244466514991 0.0276203736736645 -0.11336005352637
0.1045 -0.0273328846317184 0.0271788460288234 -0.11138555457579
0.105 -0.0268586786056264 0.0266443000716325 -0.109669580212127
0.1055 -0.0263473296517183 0.0260593787470081 -0.108197396913926
0.106 -0.0258045919127835 0.0254254008658116 -0.106948520530798
0.1065 -0.0252224798954505 0.0247433043201668 -0.106002389103147
0.107 -0.024565132983184 0.0240031734004844 -0.105458568816149
0.1075 -0.0239063058312633 0.0232627025466344 -0.105323198616736
0.108 -0.0233441070395398 0.022625777601473 -0.105325514309871
0.1085 -0.02284431774651 0.022061628537576 -0.105432656423965
0.109 -0.0224017052553372 0.0215731838954465 -0.105696348485377
0.1095 -0.0221153066077771 0.02127750202331 -0.106440726594107
0.11 -0.0216912246341314 0.0208650576912716 -0.108221179555952
0.1105 -0.0210527030644534 0.0202395288088297 -0.109985792461891
0.111 -0.0191656284150267 0.0196945016599343 -0.111937683517151
0.1115 -0.0165482507126852 0.0164346877181498 -0.11231407863212
0.112 -0.013702667565435 0.0135777395488337 -0.111868882789901
0.1125 -0.0109288266188551 0.0108409338535847 -0.111072848978838
0.113 -0.00868045731557584 0.00864326734507136 -0.110373977712701
0.1135 -0.00690212211656405 0.00692232527975813 -0.109641679583575
0.114 -0.00611128711703129 0.00686811893863536 -0.109227372813536
0.1145 -0.00610192683585521 0.0066899390199702 -0.110282270116487
0.115 -0.00575924320060556 0.00630374256637435 -0.111149358657453
0.1155 -0.00435410866349676 0.0050030002259562 -0.109916720230878
0.116 -0.00354516102387694 0.00418710387545659 -0.10858566716032
0.1165 -0.00293787791712821 0.00360690959027154 -0.107385580348259
0.117 -0.00240601288626253 0.00310105447046054 -0.106166568801486
0.1175 -0.00194061491787488 0.00265479503548661 -0.104615886808051
0.118 -0.00154811832328633 0.00227320745852562 -0.103060220040927
0.1185 -0.00122471752742686 0.0019533364411718 -0.101541687719676
0.119 -0.000997792564036395 0.00172384394350986 -0.100266477826537
0.1195 -0.000827183596066006 0.00154823444117721 -0.0993581356010545
0.12 -0.000692549472891675 0.00140614634462781 -0.0984604594200863
0.1205 -0.000568396827283754 0.00127446731366753 -0.0976434162906299
0.121 -0.000498800674118396 0.00119536138374327 -0.0982885210581704
0.1215 -0.000402222921699908 0.00109435880071215 -0.0994651529576485
0.122 -0.00026235946005057 0.00099334085225724 -0.100499780328185
0.1225 -0.000131414761271078 0.000825913700448119 -0.100474064041555
0.123 -7.81900378335542e-06 0.000686278274239649 -0.100505284704413
0.1235 0.000104910941874404 0.000562927684153182 -0.10055601450521
0.124 0.000181232950072736 0.000477249019884164 -0.100543882157185
0.1245 0.000113922721108341 0.000527516781761166 -0.100321810572126
0.125 -0.00015451082604902 0.000775389182041619 -0.100075075980208
0.1255 -0.000615571739657453 0.00121248792405409 -0.0997873762296984
0.126 -0.00116780780095579 0.00174480413140602 -0.0999684843887972
0.1265 -0.00165896022710542 0.00221666499335511 -0.100215256075805
0.127 -0.00203510134729106 0.0025750672479178 -0.100644787135766
0.1275 -0.0022371625779483 0.00275373262194298 -0.101426486633038
0.128 -0.00241012492739465 0.00291144446604486 -0.103288770006559
0.1285 -0.00254136528629366 0.00302881037385893 -0.10502612000897
0.129 -0.00263026766470775 0.00312919067704099 -0.106334428623226
0.1295 -0.00251444616539632 0.00304302623815526 -0.106757749838377
0.13 -0.00236767070395048 0.00291190974648032 -0.107187221853669
0.1305 -0.00222261589409367 0.00277564394377567 -0.107595897278635
0.131 -0.00205929216332246 0.0026124035939986 -0.107815958872228
0.1315 -0.00193575941488697 0.00248481114994639 -0.108076841838219
0.132 -0.00187326615195276 0.00241399520154967 -0.108510190554603
0.1325 -0.00183967614133959 0.00236998370442695 -0.109056072975119
0.133 -0.00184554756909148 0.00239224102588169 -0.109465179273199
0.1335 -0.0018163054745611 0.0023140618179937 -0.111071235248344
0.134 -0.00174480470608688 0.00223880010031348 -0.112934384946267
0.1345 -0.00166366632320868 0.00215129980442008 -0.11442131545715
0.135 -0.00158106749495901 0.00207796997559421 -0.114868049993396
0.1355 -0.00151009516872074 0.00201804450720935 -0.11527764756584
0.136 -0.00145144749349077 0.00196456379602439 -0.115591676930534
0.1365 -0.00144414105863997 0.001952702985634 -0.115565454784319
0.137 -0.00160482003397059 0.00208720649966695 -0.115084853103904
0.1375 -0.00193580279646654 0.00238131037778249 -0.11439575687465
0.138 -0.00238533073453186 0.00279212166473365 -0.113680903830309
0.1385 -0.00281679229056383 0.00319054481351005 -0.113288198150077
0.139 -0.00315311240870736 0.00350045908364627 -0.113068179354018
0.1395 -0.00337850001060537 0.00370605310902833 -0.113111942048444
0.14 -0.00349114459274652 0.00372713164719093 -0.113398444678199
0.1405 -0.00357763556167517 0.003840255488916 -0.115189787793418
0.141 -0.00364849034411331 0.00391049031060666 -0.116688355531034
0.1415 -0.00369206324174113 0.00394709209733237 -0.11753264388723
0.142 -0.0036529173963588 0.00396328055679515 -0.117793595518707
0.1425 -0.00365537852640378 0.00396815480355608 -0.117805294953543
0.143 -0.00364215314301874 0.00393735023412587 -0.117640157557228
0.1435 -0.00364539866666865 0.00393140065226246 -0.117795424613954
0.144 -0.00367329839208324 0.00387007123916792 -0.118766074860084
0.1445 -0.0036869363600969 0.0037757901476968 -0.12004891950053
0.145 -0.00363040866270923 0.00374156761132618 -0.121718596984688
0.1455 -0.00358910046396623 0.00369366181268481 -0.123262916761988
0.146 -0.00352310267335832 0.00368210392729407 -0.123786876981417
0.1465 -0.00347906492871733 0.00363778733734427 -0.123928895326432
0.147 -0.00344600435540281 0.00360601038092386 -0.124041637646648
0.1475 -0.00343071208742146 0.00358564885041967 -0.123919296649486
0.148 -0.00355303823635052 0.00366651434100851 -0.123446933343115
0.1485 -0.00388148286358915 0.00392547125764495 -0.122735924725329
0.149 -0.0043720983003387 0.00433838654551013 -0.121971703562225
0.1495 -0.00492598953177435 0.0048244849635397 -0.121359492682086
0.15 -0.00538957976102587 0.00523526051862926 -0.121274662022577
0.1505 -0.00571320373785124 0.00552217042161484 -0.121415392284664
0.151 -0.00591129721141163 0.00569598057437566 -0.121829882069207
0.1515 -0.00599107057481957 0.00565715076603646 -0.122414300501167
0.152 -0.00609312569203411 0.0057939028392239 -0.124518864791385
0.1525 -0.00617961613162093 0.00589260298009962 -0.126400806418678
0.153 -0.00625624669347105 0.00597414409506702 -0.128301592288178
0.1535 -0.00632356024433137 0.00604340027181413 -0.13028238538221
0.154 -0.00638184349040454 0.00610190407472825 -0.132308733451839
0.1545 -0.00628950615406765 0.00600637084271403 -0.134128405077838
0.155 -0.00621535537404452 0.00592841146112121 -0.135902697081895
0.1555 -0.00614913362023794 0.00585793861698188 -0.137638226988656
0.156 -0.00611402241255882 0.00585021496474515 -0.139060856118337
0.1565 -0.00606405378317679 0.00578631053064399 -0.139307180286765
0.157 -0.00603527028530013 0.00575014909243018 -0.139530136589952
0.1575 -0.00600537203896256 0.00571252177535897 -0.139668008139059
0.158 -0.0060299274840956 0.00571864831143108 -0.139107212116339
0.1585 -0.00618362893778124 0.00583486895584517 -0.138122910741884
0.159 -0.00647171930223263 0.00607496911324936 -0.13688834096241
0.1595 -0.00681058228398313 0.00636571496148848 -0.135705475995411
0.16 -0.00716650603971563 0.00668187862345803 -0.135031585983228
0.1605 -0.00739739651095066 0.00688221224827118 -0.134735480188338
0.161 -0.00753717043099511 0.00699983674389623 -0.134795906276258
0.1615 -0.00762399118736874 0.00705688688272302 -0.13524983288011
0.162 -0.00767921509582778 0.00703193388998623 -0.136624824904393
0.1625 -0.00773937083075443 0.00712486607878903 -0.138526266774886
0.163 -0.00786409413681159 0.00726280610392035 -0.140314331077458
0.1635 -0.00780927500173333 0.00720823223575864 -0.143140578861139
0.164 -0.0078497047285755 0.00724402415697293 -0.145957701290869
0.1645 -0.00773367381262679 0.00712510283691616 -0.147593669628045
0.165 -0.00768257257633372 0.00706180289419884 -0.149227240798198
0.1655 -0.0076227665345877 0.00705072472886682 -0.149944724129577
0.166 -0.00759446436444531 0.00699214094316887 -0.150154222855658
0.1665 -0.00755777248166094 0.00693565975040825 -0.150543670309416
0.167 -0.00753363627085196 0.00690347862560638 -0.149745780408575
0.1675 -0.00751334933759673 0.00686762477217045 -0.148523374781549
0.168 -0.0075436083188358 0.00687337193932092 -0.146899286146521
0.1685 -0.00762941409453138 0.00693023326247308 -0.145172447794679
0.169 -0.00772968229273287 0.00700332380161325 -0.143676502702177
0.1695 -0.00780382184770697 0.00705555269532976 -0.142605063273886
0.17 -0.00783746694312407 0.00707312794486716 -0.142060365543691
0.1705 -0.00783912524976327 0.00706739068164194 -0.142131084277126
0.171 -0.00788236186170501 0.00698520314050383 -0.142799161964498
0.1715 -0.00794082615895398 0.00710070888589659 -0.145306263382224
0.172 -0.00790452962756774 0.00708890435990689 -0.14808066365282
0.1725 -0.00787615551701274 0.00706841302270472 -0.150750816787892
0.173 -0.00785250599956784 0.00704628673898392 -0.15339904862871
0.1735 -0.00783163699036713 0.00702448783628474 -0.156046924672769
0.174 -0.00781377078560519 0.00700333844402034 -0.158084111506692
0.1745 -0.00775207495665923 0.0069404926527245 -0.158280303522997
0.175 -0.00772299824163801 0.00690799977365599 -0.158350524323609
0.1755 -0.00768507448044761 0.00686750560062632 -0.15804383241121
0.176 -0.00761411900070734 0.00679655981786917 -0.157275123741027
0.1765 -0.00746241701508834 0.00665068944269719 -0.155737532358277
0.177 -0.00726351363496626 0.00646059455286898 -0.153720858966185
0.1775 -0.00705973504727693 0.00626623065337385 -0.151648423245557
0.178 -0.0068753782217876 0.00609076707525501 -0.149878826219103
0.1785 -0.00672265194400106 0.00594590069870829 -0.148663625471929
0.179 -0.00660035335676137 0.00582917243379084 -0.148029652072229
0.1795 -0.00650479742152178 0.00573980689462288 -0.148126843699747
0.18 -0.00639511189355173 0.00558137795494903 -0.149492478318515
0.1805 -0.00631451948681014 0.00554063987215404 -0.152077456475131
0.181 -0.00628922122463245 0.00552912589674955 -0.154704432344787
0.1815 -0.00626420250361451 0.00550902313121775 -0.157294342379341
0.182 -0.00623952293680059 0.00548602475100291 -0.159880573139496
0.1825 -0.00623190404831569 0.00547762892580675 -0.162038664810197
0.183 -0.00623547185815484 0.00551454272231456 -0.162936573743727
0.1835 -0.00622099786346897 0.00547163891132931 -0.163132856352137
0.184 -0.00617163017264401 0.00541706206189644 -0.162672207696923
0.1845 -0.00610801949004 0.0053544651066008 -0.162007847048985
0.185 -0.00590855046259723 0.00517170931005928 -0.160618299787304
0.1855 -0.00556316958338183 0.00485930498530414 -0.158705667569647
0.186 -0.00513657580768744 0.00447433948213179 -0.156688512806659
0.1865 -0.0047175680967522 0.00409573278514162 -0.154977807507085
0.187 -0.00432803475644388 0.00374072821557029 -0.154048981575851
0.1875 -0.00402253402119517 0.00345884620438571 -0.15396077627916
0.188 -0.00380959167612419 0.00327200917322704 -0.154355474304472
0.1885 -0.00361512692425834 0.00318844411962267 -0.155776683610084
0.189 -0.00352416737363215 0.00305090550750385 -0.157871096317825
0.1895 -0.00347620205046196 0.00298645822296371 -0.160477268868879
0.19 -0.00346332598887315 0.00296793094534243 -0.163114512960574
0.1905 -0.00344832803921389 0.00294674856739003 -0.165312162553312
0.191 -0.00342340545972083 0.00306577449657935 -0.167592947971586
0.1915 -0.00346670643517006 0.00298611621006847 -0.167767427327493
0.192 -0.00344385055272751 0.00294046995514186 -0.167989534436825
0.1925 -0.00339853611904859 0.00289073977433245 -0.168051716481109
0.193 -0.00330366337081328 0.00280159917772809 -0.167483884860985
0.1935 -0.00300549939928419 0.00253334417601129 -0.166062084437987
0.194 -0.00249027306033697 0.00206954907434846 -0.164188256377325
0.1945 -0.00192247289847263 0.00155967421612602 -0.162359191753741
0.195 -0.00134990280421436 0.00104188252283588 -0.161096145022958
0.1955 -0.000949800981805972 0.000680446090740577 -0.16060799741262
0.196 -0.000686661110861132 0.00044452496737699 -0.160618857698929
0.1965 -0.000497402505012752 0.000335824272912726 -0.161675418482478
0.197 -0.000378767710660314 0.00020561299351752 -0.16344643713642
0.1975 -0.000261949768308498 8.75460597214786e-05 -0.165539094092093
0.198 -0.000258907191001966 8.47573686025032e-05 -0.168153092988626
0.1985 -0.000240721884502752 6.44570666032377e-05 -0.170278094900311
0.199 -0.000267935797937534 9.19073334073708e-05 -0.171816559574041
0.1995 -0.000280821676440153 0.000102461428310309 -0.172438997393957
0.2 -0.000260008426417107 8.11430815718432e-05 -0.172712441727993
0.2005 -0.000221488215956454 4.49748273195432e-05 -0.172732275873819
0.201 -0.000153607618704922 -1.549430194736e-05 -0.172346118475614
0.2015 0.000156778990350362 -0.000290411172910258 -0.170850617094597
0.202 0.000682273052610094 -0.000755749719428651 -0.16893894655233
0.2025 0.00129936674875802 -0.00130332184827679 -0.167116145249905
0.203 0.00191325210474977 -0.00185192684653761 -0.166007522621594
0.2035 0.00232191192954473 -0.00221386092228939 -0.165497748791738
0.204 0.00258331735462837 -0.00243152456043135 -0.165613019912065
0.2045 0.00274055180683578 -0.00251929850151482 -0.166914995886562
0.205 0.00285594319244109 -0.00264254189586997 -0.168719243132081
0.2055 0.00296731666813873 -0.00275774683301324 -0.170965463220678
0.206 0.00304627213952951 -0.00283686712906267 -0.174158758277827
0.2065 0.00294243217621716 -0.00273467542776152 -0.17565688360617
0.207 0.0029760730271197 -0.00265361914977461 -0.177582790764253
0.2075 0.0029076283736961 -0.00267319319618946 -0.177713822868067
0.208 0.00290826630221754 -0.00269380219945088 -0.177800447892271
0.2085 0.00291151933413472 -0.00270101911254034 -0.177692415028287
0.209 0.00299145370073102 -0.00277275910272821 -0.176306522044082
0.2095 0.00321110695257066 -0.0029615277280306 -0.174169288403194
0.21 0.00354237850648391 -0.00324494717699465 -0.171757087293153
0.2105 0.0038907403629383 -0.00354214617144834 -0.169692699588297
0.211 0.00425918904010794 -0.00387010221823315 -0.168663750176823
0.2115 0.0044680638262478 -0.00405087362286833 -0.168627486243218
0.212 0.00461770250459603 -0.00400271728722851 -0.168902272011947
0.2125 0.00463537866978985 -0.00410790246867033 -0.171161048857331
0.213 0.00462386084292157 -0.00413304886097818 -0.173705169631855
0.2135 0.00456494325945759 -0.00408775850442372 -0.176336896760209
0.214 0.00455347585832902 -0.00407702437040499 -0.178881901790099
0.2145 0.00457998311398894 -0.00386187521720553 -0.181345930452128
0.215 0.00398512694217218 -0.00341662879038085 -0.181615020412604
0.2155 0.00334524415863011 -0.00282197873803076 -0.181653249913087
0.216 0.00256796113703592 -0.00206496167812335 -0.181257486965956
0.2165 0.00162932952912086 -0.0011362445224035 -0.180022098589691
0.217 0.000457333607176179 3.47765973485641e-05 -0.177877053533866
0.2175 -0.000716725443358794 0.00122415627438555 -0.175290024228232
0.218 -0.00169049156478474 0.00222707969677848 -0.172823040499794
0.2185 -0.0024086008542946 0.00297903430603555 -0.171000366301158
0.219 -0.0027970183387991 0.00340324701730404 -0.170070590812128
0.2195 -0.00294211715931853 0.00363171260110373 -0.170374679917886
0.22 -0.00288052531926273 0.00359241064477838 -0.17210141459054
0.2205 -0.00296826365237739 0.00366837916513432 -0.174395194225255
0.221 -0.00306995104124842 0.00376593277907955 -0.176909974256959
0.2215 -0.00310862767326992 0.00380124606715222 -0.179319658907438
0.222 -0.00318520203332342 0.0038731530263563 -0.180876471548174
0.2225 -0.00361467482804983 0.00433501153848793 -0.181946962408153
0.223 -0.00401920094293444 0.00473793142543146 -0.181666361046337
0.2235 -0.00460400144098545 0.00531510159957603 -0.180994521057777
0.224 -0.0052880851173017 0.00599108712124586 -0.179641308311279
0.2245 -0.00608688802579435 0.00677840827366728 -0.177219971308921
0.225 -0.00683636313117 0.00752046056332231 -0.174239423112304
0.2255 -0.00726536523501276 0.00794991188651223 -0.171323907099671
0.226 -0.00742822624371431 0.00812453286223472 -0.169602374413613
0.2265 -0.00763232756963414 0.00833548767318173 -0.16844089929692
0.227 -0.00778216964542663 0.00835679343838217 -0.167634426956269
0.2275 -0.00765061128928868 0.00833841817967221 -0.169206597116493
0.228 -0.00764769482613711 0.00835547994218668 -0.170772946009463
0.2285 -0.0076845316802927 0.00839925083494504 -0.173062713843045
0.229 -0.00771420714351886 0.00843302059695213 -0.175208620046161
0.2295 -0.00780291613138636 0.00851898131483426 -0.176584117016969
0.23 -0.00821362526226775 0.00893406373485216 -0.178628794729697
0.2305 -0.00857173286716785 0.00928557013390499 -0.178211528632919
0.231 -0.00897596685547917 0.00968421220647461 -0.177985905153707
0.2315 -0.00945101023253223 0.0101558437216789 -0.177867587755032
0.232 -0.00995663518942465 0.0106436882646024 -0.176409929927928
0.2325 -0.0103970932315171 0.0110595751022963 -0.174467077734296
0.233 -0.0105541343775491 0.0111886440918691 -0.172377506918473
0.2335 -0.0103619367839235 0.0109702488337716 -0.170807186066341
0.234 -0.0102147955639898 0.010800029696302 -0.169870760722985
0.2345 -0.00998397079586868 0.0105485653936115 -0.169658414759544
0.235 -0.00973945768960197 0.0102996403909814 -0.171139635789371
0.2355 -0.00961234038323814 0.0101662489854508 -0.17262339090549
0.236 -0.00951610646174382 0.0100653132925034 -0.174037408688466
0.2365 -0.00938391075576592 0.00992497088427351 -0.174657819575709
0.237 -0.00953758811882296 0.0100754103808901 -0.176308071910351
0.2375 -0.00964137901167107 0.0101748151307514 -0.177752573261563
0.238 -0.0101239258757768 0.0105230649081462 -0.179418352450511
0.2385 -0.0105248592410542 0.0109718936928929 -0.179150073538248
0.239 -0.0109373297290573 0.0113923073675176 -0.17895588215484
0.2395 -0.0114026304599114 0.0118526452262774 -0.17830751315747
0.24 -0.0119661984771655 0.0123869498590024 -0.176350248958839
0.2405 -0.0122006350285775 0.0125774976425887 -0.173784940957557
0.241 -0.0119855885520828 0.0123118226758648 -0.171592165443257
0.2415 -0.0115317074945881 0.0117623010041246 -0.169439165404521
0.242 -0.0110220352440112 0.0111662912529054 -0.170023084797716
0.2425 -0.010970027880866 0.0110673547846452 -0.169996487013262
0.243 -0.0107990997771798 0.010895414442073 -0.16823423826641
0.2435 -0.0105712802180025 0.0106526907384538 -0.166748234081699
0.244 -0.010345170200054 0.0104024812781502 -0.165200650909338
0.2445 -0.0100180701372789 0.0100414810201291 -0.164036506772476
0.245 -0.00964542052578825 0.00962673412399961 -0.163269655893252
0.2455 -0.00933693826363175 0.00927219632000036 -0.162816175912441
0.246 -0.00910541893554012 0.00901240786500178 -0.163561724118253
0.2465 -0.00909159756138812 0.00899771893721102 -0.164808404551146
0.247 -0.00970274046875071 0.00942178501896698 -0.165963407747695
0.2475 -0.0100661056458408 0.00979104978584241 -0.165827038672442
0.248 -0.0104532101372791 0.0101674167456033 -0.165027841519943
0.2485 -0.0102342014951307 0.00931117590560591 -0.163280522549796
0.249 -0.0091095709284132 0.00834081813249692 -0.164354629061527
0.2495 -0.00809369990127733 0.00736108093550725 -0.164874753473801
0.25 -0.00755784406478187 0.0068005425703002 -0.164165496383586
0.2505 -0.00725053981295044 0.00658757570935945 -0.162935455598595
0.251 -0.00740526118651676 0.00677526818760073 -0.161773914443244
0.2515 -0.00764505856712313 0.00702816301251394 -0.160508335133204
0.252 -0.00777777753198284 0.00715902925920886 -0.159279408482825
0.2525 -0.00773620689207569 0.00711547741678147 -0.158171226479837
0.253 -0.00751312677780717 0.00689758980528772 -0.157524020214627
0.2535 -0.00720293999596203 0.00659443225274105 -0.157158681909897
0.254 -0.00687965286796341 0.00627590923587728 -0.157014166767761
0.2545 -0.00659519522058909 0.0059874821958892 -0.157592003749155
0.255 -0.00655588095426912 0.00594528414830121 -0.159134245385467
0.2555 -0.00660558920005703 0.00599346590269472 -0.160687813415124
0.256 -0.00666371134537189 0.00604993038746855 -0.162439756884585
0.2565 -0.00659710891486382 0.00597970698562548 -0.164347504324213
0.257 -0.0060989755456424 0.00547961992031915 -0.165146387123603
0.2575 -0.00526315638188218 0.00464231563124306 -0.165546379449361
0.258 -0.00451039800577159 0.00387498450280715 -0.164803544275494
0.2585 -0.00397091671228758 0.00332198187606808 -0.162734817300007
0.259 -0.00393408403017274 0.00327927264662061 -0.160742993264991
0.2595 -0.00410424687269767 0.00345091535742141 -0.158619322429726
0.26 -0.00419950671025588 0.00355022299121346 -0.156538670704967
0.2605 -0.00416732062341304 0.00352213295801787 -0.154634103982026
0.261 -0.00402407683344991 0.00338120554887481 -0.152999143436281
0.2615 -0.00376909474613538 0.00312621644661899 -0.151928836432904
0.262 -0.00351956124231422 0.0028748992827415 -0.151398695908079
0.2625 -0.00324070409651809 0.00259467553229931 -0.151078898760355
0.263 -0.00291583279970775 0.00227740430639773 -0.151074371137254
0.2635 -0.0028446411959038 0.00219447442363006 -0.152816088350125
0.264 -0.00285697120452814 0.00220403076104777 -0.154484136410911
0.2645 -0.00279244806915674 0.00214011156488014 -0.156456042536726
0.265 -0.00273550149058255 0.00208107550796819 -0.158862657185625
0.2655 -0.00240904286028004 0.00175607641520336 -0.160144991737418
0.266 -0.0015826741218417 0.00098559172909478 -0.160860263970434
0.2665 -0.000828991227251854 0.000106373354035282 -0.159662671355817
0.267 -0.000312747389132968 -0.000492564284522769 -0.158050646722582
0.2675 -0.000353054007392181 -0.000477560084484726 -0.156245813349247
0.268 -0.000622502125230478 -0.00020337649179382 -0.154267507895055
0.2685 -0.000811047526233611 -2.79511121605584e-06 -0.152334153959951
0.269 -0.00087584778285969 6.96301050025636e-05 -0.150573774574204
0.2695 -0.000834036383152643 2.58907916770354e-05 -0.149074642389215
0.27 -0.000721819079621391 -9.90237474020179e-05 -0.148118481978383
0.2705 -0.000562334894389512 -0.00027562172215414 -0.14764364474178
0.271 -0.000376876436002226 -0.000476513018101739 -0.14740633317735
0.2715 -0.000178453512504347 -0.000702596526826388 -0.147515282223668
0.272 -4.46019099024882e-05 -0.000865101994086632 -0.148692138909937
0.2725 -3.01146944121441e-05 -0.000860070464954389 -0.150447059084967
0.273 -2.40535154239466e-05 -0.000860446903736588 -0.152353117907772
0.2735 6.61794644274901e-05 -0.000952916276595429 -0.15493186827968
0.274 0.000195519587165176 -0.00108126704724705 -0.156811081490276
0.2745 0.000788768762221857 -0.00166849175115812 -0.157807507870542
0.275 0.00163242658473294 -0.00249705638283422 -0.157921826920519
0.2755 0.00222172506411216 -0.00336316131471571 -0.15662003814343
0.276 0.00241185211519238 -0.00364905042592404 -0.155112907901881
0.2765 0.00223261673269741 -0.00348943497262649 -0.153365901037854
0.277 0.00192126353992507 -0.00315804861127829 -0.151364937112404
0.2775 0.00171395759468782 -0.00293143171673061 -0.149440155356679
0.278 0.00160347579619133 -0.00281535188873656 -0.147685201675593
0.2785 0.00157407689347416 -0.00279848426236854 -0.146173427997842
0.279 0.00161908605506177 -0.00287676438023604 -0.145151508563296
0.2795 0.00168128690995999 -0.00297669048341912 -0.144483621270813
0.28 0.0017826238640188 -0.003119673018921 -0.144004470259293
0.2805 0.00187470006043584 -0.00327519481906979 -0.144106176622788
0.281 0.00191129125801593 -0.00331979680468075 -0.145303575028058
0.2815 0.00190851315454374 -0.0033032645656481 -0.146565775502805
0.282 0.00190196017797848 -0.00328511836450027 -0.148049101121881
0.2825 0.00199633482355234 -0.00338257424455344 -0.15016692856594
0.283 0.00238377725766598 -0.00376350865466591 -0.149891094666012
0.2835 0.00316946968535225 -0.00453816596391637 -0.148892378574365
0.284 0.00391423876195324 -0.00529004502954853 -0.146904811239228
0.2845 0.00412180620739834 -0.00574294055327809 -0.144073257329854
0.285 0.00399051765505494 -0.00579160024909053 -0.140802034514736
0.2855 0.00387633816293608 -0.00569481675189086 -0.137854120804846
0.286 0.0039259658628402 -0.00562833385641212 -0.136096661436439
0.2865 0.00419146441980343 -0.00579514725912787 -0.134685602111099
0.287 0.00463723350375235 -0.00620946483660846 -0.134170028279019
0.2875 0.00522755059170174 -0.00683347107941793 -0.134654387387915
0.288 0.00597296904221575 -0.00765983785900006 -0.136879884170774
0.2885 0.00685218565798629 -0.00860207964033504 -0.141311962340185
0.289 0.00797108120966045 -0.00971683710746826 -0.146806115390484
0.2895 0.00765272807843753 -0.011007203018515 -0.152531722210319
0.29 0.00799499315375034 -0.0103188894734417 -0.157124402879593
0.2905 0.0107293751703824 -0.0128356539848145 0.143730106328822
0.291 0.0226536939793086 -0.0233536721412752 0.148695203220697
0.2915 0.0261011462464622 -0.0281656302931291 0.152871519008789
0.292 0.0256314123424204 -0.0320084860276217 0.153947630061489
0.2925 0.0239206323103741 -0.0327016156348298 0.153095684255886
0.293 0.0220162286119253 -0.0324428836267724 0.151147591869239
0.2935 0.0201573334761199 -0.0316236783054861 0.147203566157445
0.294 0.0189432972097115 -0.0310799020591847 0.143241919839321
0.2945 0.0185803986396918 -0.0302486243930189 0.139055470138141
0.295 0.0184056609147241 -0.029521833542303 0.135390070205629
0.2955 0.0184606714989168 -0.0290178995215619 0.132364483588048
0.296 0.0184559147040408 -0.0286803016830066 0.129258456710245
0.2965 0.0182857337338736 -0.0283628921724167 0.12685368644564
0.297 0.0180168795115598 -0.0280376468020344 0.12449665507255
0.2975 0.0177166909413587 -0.027766437933805 0.122770281205192
0.298 0.0173612013985551 -0.0272167900997659 0.120796836329601
0.2985 0.0172364069887052 -0.0263822246406079 0.117760392758995
0.299 0.0174345605602746 -0.0255249937048689 0.114264572045235
0.2995 0.0179391955681256 -0.0248079316322225 0.110877962343541
0.3 0.0185480927818824 -0.0242002201757399 0.107929491309168
0.3005 0.0192880613246241 -0.0238203028253067 0.105428390300992
0.301 0.0198873614826327 -0.0232393759222752 0.103171845306453
0.3015 0.0203896552061012 -0.0227459857526203 0.101136704743586
0.302 0.0206479699656831 -0.0222308480469504 0.0991963519480913
0.3025 0.0207754264953937 -0.0217355993183096 0.0972782557325326
0.303 0.0208230543361515 -0.0212682304909076 0.0952899871056339
0.3035 0.0208106934638784 -0.0208279234154305 0.093148978470458
0.304 0.0206658054715213 -0.0203515185815508 0.0903534589663385
0.3045 0.0205275749116454 -0.0200301481556168 0.0873432425107747
0.305 0.0204059871117052 -0.0198709442880049 0.084135524164283
0.3055 0.0202903049098254 -0.0196996772285477 0.0809445193857029
0.306 0.0201797866150987 -0.0195299816364432 0.0777693188785821
0.3065 0.0200729133458179 -0.0193644024046291 0.0746044913491719
0.307 0.0199985423786045 -0.0192027899167554 0.0716151814550842
0.3075 0.0198680626757573 -0.0190180781630493 0.0692699973793584
0.308 0.0196268424149611 -0.0187583840809866 0.0670177930420044
0.3085 0.0193997055119166 -0.0185307099216317 0.0649313314351472
0.309 0.0191637662117994 -0.0183140725385774 0.0629571216124581
0.3095 0.0189190612095344 -0.0181056950543316 0.0610786319901719
0.31 0.0186667435300025 -0.0179046143949055 0.0592842094435622
0.3105 0.0184080984670811 -0.0177104627105063 0.0575644882843435
0.311 0.0181443313778765 -0.0175229598997081 0.05591137505587
0.3115 0.0178765253858976 -0.0173416999170359 0.0543176521042487
0.312 0.0176057808437489 -0.017166646124998 0.0527766503232431
0.3125 0.0173330850264943 -0.0169977468381472 0.0512821297722086
0.313 0.017059337596391 -0.0168349101697038 0.0498282471224015
0.3135 0.0167853697390946 -0.0166780564752001 0.0484094125062407
0.314 0.0165118893238556 -0.0165274201839002 0.047020139079095
0.3145 0.0163039514084982 -0.0164414879618464 0.0459580052795819
0.315 0.0158800327181666 -0.0160364220932258 0.0448005135950905
0.3155 0.0154004597927111 -0.0154927280956283 0.0436196178849847
0.316 0.014827206144577 -0.0147841861106691 0.042364497025399
0.3165 0.0141666186782049 -0.0139365229601506 0.0410364098661732
0.317 0.0134373313037943 -0.0129897889326027 0.0396515904391147
0.3175 0.0126666407679108 -0.0119909875050598 0.0382359292638748
0.318 0.0118856733325284 -0.0109875890979467 0.0368185532222703
0.3185 0.0111241590456932 -0.0100213560330433 0.0354266060351634
0.319 0.0104060328611265 -0.0091240823910888 0.034081368822493
0.3195 0.00974681755310149 -0.00831591324069752 0.0327968927174133
0.32 0.00914484616424963 -0.00757741746990222 0.0313622464980691
0.3205 0.008704023693694 -0.00701558879159488 0.0299449654745241
0.321 0.00827475409807806 -0.00652373749672936 0.028564701906645
0.3215 0.00787841074383649 -0.00610028074609555 0.0272360413438815
0.322 0.00751435461253503 -0.00573460663797848 0.0259509615134967
0.3225 0.00717848452289267 -0.00541505797823254 0.0247004826223212
0.323 0.00686627439201855 -0.00513141443758116 0.0234764308293645
0.3235 0.00657364170595119 -0.0048755045529354 0.0222716451690968
0.324 0.0062973469611199 -0.00464113130994492 0.0210801341190919
0.3245 0.00603494799910146 -0.00442376530603721 0.0198969853783047
0.325 0.00576510569471812 -0.00421534932578648 0.0187417857601511
0.3255 0.00536249986387038 -0.00396850537210764 0.0176596430845013
0.326 0.00490119754199543 -0.00373606338614267 0.0166141118811752
0.3265 0.0044205787635953 -0.00352942234298896 0.0155732020722357
0.327 0.00394127603967639 -0.00334936851010158 0.0145289114059935
0.3275 0.003474925189552 -0.00319389252818001 0.0134794577623595
0.328 0.00302806243034928 -0.00305973918159464 0.0124258020213377
0.3285 0.00260402360082507 -0.0029431581918002 0.0113700534223684
0.329 0.00220404331782225 -0.00284039756926708 0.0103146643084273
0.3295 0.00182800132694859 -0.00274801024212936 0.00926204850552618
0.33 0.00147500028517613 -0.00266299059566689 0.00821448866981783
0.3305 0.00114356170038815 -0.0025828710179958 0.00717393266298561
0.331 0.00083187334383156 -0.00250572548938128 0.0061419803913198
0.3315 0.000538006678086606 -0.00243014102857539 0.00511987686179725
0.332 0.000260013522126714 -0.00235513461236276 0.00410855874909772
0.3325 -3.99819402592397e-06 -0.00228008928739595 0.00310869056918077
0.333 -0.000255810601400316 -0.00220467286450012 0.00212072637858353
0.3335 -0.000497079158241185 -0.00212876388476081 0.00114493768081859
0.334 -0.000729321211542373 -0.00205238956039613 0.000181439155442647
0.3345 -0.000953906724694557 -0.00197567467600931 -0.000769770971163155
0.335 -0.00117205402248225 -0.0018988127361274 -0.00170878792960612
0.3355 -0.00138485367747797 -0.00182203526609754 -0.00263578526234723
0.336 -0.00159327239042191 -0.00174558133744293 -0.00355100300908011
0.3365 -0.00179815900940103 -0.00166968156011505 -0.00445481033219148
0.337 -0.00200025251144871 -0.0015945525352963 -0.00534762084062534
0.3375 -0.00220021256250573 -0.00152037908581837 -0.00622983768198857
0.338 -0.00239862832365972 -0.00144733540960989 -0.00710192381301246
0.3385 -0.0025960001120006 -0.00137557944469639 -0.00796438983973118
0.339 -0.00279274840636697 -0.00130525423691548 -0.00881779839589915
0.3395 -0.00298922748936329 -0.00123648847954072 -0.00966277536415028
0.34 -0.00318573641921024 -0.0011694020439239 -0.0105000071952941
0.3405 -0.00338252493574856 -0.00110410427232081 -0.0113302522322027
0.341 -0.00357980022147472 -0.0010407031336137 -0.0121543430664504
0.3415 -0.00377760511948893 -0.000979293117972901 -0.0129733114749308
0.342 -0.00397584702638349 -0.000919973232498478 -0.0137881814948531
0.3425 -0.00417452901949663 -0.000862850722561794 -0.0146000875119709
0.343 -0.00437362802065281 -0.000808047147438804 -0.015410296119856
0.3435 -0.00457307526386923 -0.000755711256499358 -0.0162202324556986
0.344 -0.00477274257458647 -0.000706025108994244 -0.0170315232068704
0.3445 -0.00497242531675034 -0.000659191138446493 -0.0178460213747194
0.345 -0.00517181090586484 -0.000615347327254012 -0.0186658990912061
0.3455 -0.0053704179008445 -0.000574679920052484 -0.0194938782068881
0.346 -0.00556750189631343 -0.000537513558868351 -0.0203333597550765
0.3465 -0.00576184601799262 -0.000504202069748367 -0.0211888168515374
0.347 -0.00595128616205405 -0.000475015424761196 -0.0220667100232722
0.3475 -0.00613146812640581 -0.000450001972396037 -0.0229884607607567
0.348 -0.00629710722613034 -0.000424088486642674 -0.0240324365840921
0.3485 -0.00644765493514022 -0.000410212469260004 -0.025064305088206
0.349 -0.006595500384146 -0.000401736352342445 -0.0260921262532506
0.3495 -0.00674189182438155 -0.000397804095056311 -0.027118095278963
0.35 -0.00688727295570607 -0.00039799595093928 -0.0281440583828818
0.3505 -0.00703182989397032 -0.000402078231380513 -0.0291719322623448
0.351 -0.0072128957523013 -0.000416618045490751 -0.030231164716931
0.3515 -0.00734600887311835 -0.000394423874143332 -0.0308184281544207
0.352 -0.00751803732301887 -0.000351019041216906 -0.0314492849435899
0.3525 -0.00773660352637258 -0.00027968443930776 -0.0320788840624617
0.353 -0.00801049727833709 -0.000169001763814468 -0.0327116330954836
0.3535 -0.00833325663363282 -1.33049303358154e-05 -0.0333481137875598
0.354 -0.00868642191021912 0.00018476267937887 -0.0339860195677523
0.3545 -0.00904588025611817 0.000415254802258186 -0.034622506985567
0.355 -0.00936294070551478 0.000687377992937867 -0.0354049347665609
0.3555 -0.00967478792786882 0.000946564683673762 -0.0363737223429868
0.356 -0.00995106912691673 0.0011853151150772 -0.0372822113815111
0.3565 -0.0101867069274179 0.00140192543008181 -0.0381332467711797
0.357 -0.0104070938138294 0.00159204431058551 -0.0386728244954455
0.3575 -0.0108062314297298 0.00160217354709765 -0.0391166625451538
0.358 -0.0112754169895396 0.00147427768268393 -0.0394643129383094
0.3585 -0.0117512236242793 0.00124124299325252 -0.0397236265210043
0.359 -0.0121986393717705 0.000934197009590483 -0.0399066010155099
0.3595 -0.0126016958398805 0.000583062742642747 -0.0400282594540171
0.36 -0.012956269995239 0.000214824143493048 -0.0401051496550371
0.3605 -0.0132647026756778 -0.000147965148584712 -0.0401537691842259
0.361 -0.0135323114958152 -0.000488303723135251 -0.0401892018568991
0.3615 -0.0137652807423424 -0.000794963438467219 -0.0402242500647179
0.362 -0.013969485974876 -0.00106210814743687 -0.0402689014427015
0.3625 -0.0141500606764339 -0.00128810985885677 -0.0403306675176392
0.363 -0.0143112370887133 -0.00147455373037661 -0.0404149386911457
0.3635 -0.0144563007191431 -0.00162532545212711 -0.0405253634330838
0.364 -0.0145877129644811 -0.00174532503927611 -0.0406646581177602
0.3645 -0.014707254991129 -0.0018397817899757 -0.0408353196365357
0.365 -0.0148162675515837 -0.00191378833256207 -0.0410397773404526
0.3655 -0.0149156696940623 -0.00197183150704915 -0.0412806713114402
0.366 -0.015006007553836 -0.00201766412342186 -0.041561343544615
0.3665 -0.0150874463211256 -0.00205430625059892 -0.0418863496439834
0.367 -0.0151596651284408 -0.00208409422519051 -0.0422613783811815
0.3675 -0.0152221062371889 -0.00210867460393535 -0.0426941124712423
0.368 -0.0152737260738978 -0.00212910513193926 -0.0431954818965309
0.3685 -0.0153122577133635 -0.00214585303966081 -0.0437833509043643
0.369 -0.0153204820753627 -0.00215764406492641 -0.0446074894874416
0.3695 -0.0153384305769668 -0.00216078040765243 -0.0451884254450378
0.37 -0.0153697594118729 -0.00216426432711855 -0.045728431250538
0.3705 -0.0154062637703585 -0.00216741087115622 -0.0462868582366759
0.371 -0.0154504997234709 -0.00216235786134543 -0.0471385754651929
0.3715 -0.0155022908368878 -0.00215999491151461 -0.04788844314719
0.372 -0.0155449199878984 -0.00215690612199597 -0.0484973193539392
0.3725 -0.0155916186291879 -0.00215360662949139 -0.049056915798557
0.373 -0.0156400766528344 -0.00215020691912237 -0.0495765103272434
0.3735 -0.015691236556008 -0.00214702252908687 -0.050066720468909
0.374 -0.0157456474117838 -0.00214433001127763 -0.0505361253601531
0.3745 -0.0158035522647534 -0.00214238518438911 -0.0509921526192072
0.375 -0.0158650460632716 -0.00214143195198344 -0.0514416662358047
0.3755 -0.0159301565970514 -0.00214172896959296 -0.0518912645974186
0.376 -0.0159988687663153 -0.00214357319608384 -0.05234746788954
0.3765 -0.0160711421461949 -0.00214732684678363 -0.0528169355046968
0.377 -0.0161468997993408 -0.00215345468603769 -0.0533066025212956
0.3775 -0.0162260193234763 -0.00216256857661423 -0.053823896087861
0.378 -0.016308300073832 -0.00217549026926475 -0.0543770116874214
0.3785 -0.0163933997894279 -0.00219333996595124 -0.0549753013001475
0.379 -0.0164806945659489 -0.00221765637719855 -0.055630022281291
0.3795 -0.0165688864191358 -0.00225058574195668 -0.0563557021521892
0.38 -0.0166543028579491 -0.00229469520367416 -0.0571738964159227
0.3805 -0.0166940862326785 -0.00237476795995904 -0.0581621394304678
0.381 -0.0167533427973083 -0.00244125171501517 -0.0593072166506297
0.3815 -0.0167959804518064 -0.00250191241543906 -0.0604741633068002
0.382 -0.0168243832486339 -0.00255614706597157 -0.0616933071063003
0.3825 -0.0168310277806797 -0.002564059656989 -0.062448238234054
0.383 -0.0171933110289449 -0.00242651315710228 -0.0632035633857971
0.3835 -0.0175227401137545 -0.00210369595021495 -0.0635088726931083
0.384 -0.0176271720026777 -0.00164668515066466 -0.0636952259580279
0.3845 -0.0174845035312838 -0.00113978950062187 -0.0639254185374444
0.385 -0.0174074112859327 -0.000755027370900472 -0.0639903274096319
0.3855 -0.0170963591994314 -0.000714970729843951 -0.063954637148723
0.386 -0.0166877483351069 -0.000961277865870153 -0.0641348917181717
0.3865 -0.0162696368718247 -0.00139859985151647 -0.0642241492825822
0.387 -0.0158639662014177 -0.00193356419718578 -0.0642803119625417
0.3875 -0.0154736516842625 -0.00247507002844976 -0.0643246397088381
0.388 -0.0151928544304515 -0.00290824832385818 -0.064464401415175
0.3885 -0.0147788172022809 -0.00318217243257953 -0.064061116222442
0.389 -0.0144767236616146 -0.00326635565247145 -0.0637757247747829
0.3895 -0.0142458209990832 -0.00323891588757333 -0.0634746632457571
0.39 -0.0140158571842878 -0.00314344158060723 -0.0631306599506407
0.3905 -0.0137487676626934 -0.00303221687361887 -0.063037795205182
0.391 -0.0133666278621919 -0.00291233299282788 -0.0627633239085433
0.3915 -0.0129968013262489 -0.00284632547145996 -0.0625170521466498
0.392 -0.0125611878620178 -0.00279049480199002 -0.0622723163027267
0.3925 -0.0120730899414756 -0.00273925113146331 -0.0620634102314763
0.393 -0.011550859309653 -0.00268110842217843 -0.061953074145077
0.3935 -0.0110072347697017 -0.0026089512011393 -0.0620091783617055
0.394 -0.0104501430195819 -0.00251856109679136 -0.0622949174404001
0.3945 -0.00988645900492443 -0.0024086268715368 -0.0628683950220154
0.395 -0.00932359359375684 -0.00228057946874155 -0.0637872611994629
0.3955 -0.00876960576782258 -0.00213817089792649 -0.0651149721965563
0.396 -0.00823329564744641 -0.00198735449979792 -0.0669277413181903
0.3965 -0.00772501331370676 -0.00183654789864763 -0.0693225622826634
0.397 -0.00725890584656666 -0.00169873991066607 -0.0724267416888147
0.3975 -0.00685832603554907 -0.00159706770625884 -0.076410262257595
0.398 -0.00581275158155675 -0.000962179750209499 -0.0817125711583445
0.3985 -0.00494673947190157 -0.000491062490901561 -0.0881350157392696
0.399 -0.00473006440197079 0.00044695343219884 -0.0956055584162888
0.3995 -0.00431804391535751 0.000488948021560213 -0.102016756306693
0.4 -0.0016156269298798 0.00258508375488797 0.0941716663234377
0.4005 -0.00152259526273912 0.0056433888868185 0.100256377216995
0.401 -0.00290817831465031 0.006871216921191 0.106313568308522
0.4015 -0.00282955933060707 0.00716378380136049 0.111266073550936
0.402 -0.00261076155733542 0.00736424107976111 0.114359122206801
0.4025 -0.00315635114158411 0.0063713115964685 0.114717420078282
0.403 -0.00371804521675636 0.00502737473371698 0.113053510047934
0.4035 -0.00411315342210959 0.00391413122967141 0.110060873868423
0.404 -0.00436921155262802 0.00311680539782439 0.106332229191404
0.4045 -0.00454371116398199 0.00254586404563136 0.102293485149739
0.405 -0.00466948767340878 0.00211997341152808 0.0982192537714038
0.4055 -0.00476066758193112 0.0017972216762391 0.0942709340779742
0.406 -0.00482388168889757 0.00156114694717108 0.0905461833419406
0.4065 -0.00486512506399703 0.00140292821263592 0.0871034407747672
0.407 -0.00489015567286549 0.00131604685180348 0.0839830524673564
0.4075 -0.00490318310284046 0.00129562315921688 0.081228295057643
0.408 -0.00486900709948844 0.00130929522429326 0.0783889013947571
0.4085 -0.00494956657797939 0.00141304136973737 0.0759040889282606
0.409 -0.00495205075018517 0.0014872540119815 0.0735480816769774
0.4095 -0.00496040536327268 0.00157026510222195 0.0713297367500681
0.41 -0.00497458185880734 0.00165375537608449 0.0692065404231316
0.4105 -0.00497326241929465 0.0017411323532629 0.0667803342960986
0.411 -0.00504582653616346 0.00176196328276495 0.0644095154577698
0.4115 -0.00501492103961785 0.00174425861852781 0.0613731215021172
0.412 -0.00498552212865042 0.00171415775169558 0.0585062811630668
0.4125 -0.00495760613874737 0.0016846617154525 0.0556225446387767
0.413 -0.00493131136798629 0.00165357242665857 0.0527338658637811
0.4135 -0.00490777993118933 0.00162050787425573 0.0498435319710403
0.414 -0.00488699269457174 0.00158575773452394 0.0469524701951387
0.4145 -0.0048687663891471 0.00154961932654546 0.0440609205341854
0.415 -0.00485290950661323 0.00151233514939612 0.041168897324905
0.4155 -0.00507451264237629 0.0015437887100843 0.038789003636658
0.416 -0.0055422534621523 0.0018136617958805 0.0366904025861091
0.4165 -0.00592611651803111 0.00213959909886895 0.0344211116175476
0.417 -0.00631905086644402 0.00252436080858343 0.0321079025658538
0.4175 -0.00671526110181668 0.002940088655785 0.0297929121056361
0.418 -0.00709279183720149 0.00334930457114276 0.0275004059849719
0.4185 -0.00730792512683907 0.00383565595604779 0.0259229456717328
0.419 -0.00743060556862327 0.00430911618946885 0.0242880901851191
0.4195 -0.00752566119785168 0.00470530900524674 0.0226266099934086
0.42 -0.00756814839357646 0.00502191078765357 0.0209829313727177
0.4205 -0.00755453255316367 0.00526789061802522 0.0193674651695125
0.421 -0.00749307935004905 0.00545594654504838 0.0177817964976665
0.4215 -0.00739614142160534 0.00559866329448105 0.0162248024864348
0.422 -0.00727614105202511 0.00570670117013797 0.014694682621024
0.4225 -0.00714376581115394 0.00578839252297845 0.0131896093899405
0.423 -0.00710495977641918 0.00573442809706332 0.0122659237447195
0.4235 -0.0070611340089502 0.005537217665884 0.0115059799189366
0.424 -0.00702794165420413 0.00546488327245179 0.0106673242132151
0.4245 -0.0069960591771182 0.00546147044024423 0.00979668884087264
0.425 -0.00696413625941707 0.00548860799942732 0.00890823758594255
0.4255 -0.00693229155884952 0.0055260887987518 0.00800885018722898
0.426 -0.00690088378563965 0.00556415008052245 0.0071027535468767
0.4265 -0.00687023065896839 0.00559863113328522 0.00619282985203814
0.427 -0.00684058043375927 0.00562826435401187 0.00528113205920548
0.4275 -0.00681212947188786 0.00565318991589749 0.00436915730818059
0.428 -0.00678502226561887 0.00567414876233343 0.00345796690572628
0.4285 -0.00675935228686206 0.00569204538544647 0.00254822450191821
0.429 -0.00673516293815495 0.00570772759879165 0.00164023469880512
0.4295 -0.00671245373910783 0.00572191318846455 0.000733977202088606
0.43 -0.00669119078678746 0.00573515984126969 -0.000170910066738068
0.4305 -0.00667132002049352 0.00574786408188664 -0.00107511884501809
0.431 -0.00665277397476455 0.00576025962567125 -0.00197966654024031
0.4315 -0.00663546002467673 0.00577243100780613 -0.00288596078162594
0.432 -0.00661930745936875 0.00578438462979343 -0.00379583213453887
0.4325 -0.00660427518725357 0.00579607079447135 -0.00471168179548103
0.433 -0.00659034713000472 0.00580742652511058 -0.00563679497200903
0.4335 -0.00657749481818169 0.00581850301692898 -0.00657621129647129
0.434 -0.00651542933878759 0.0058195003692034 -0.00796856999923383
0.4345 -0.0064762671496552 0.00583653774596882 -0.00934175243261042
0.435 -0.00643159420882831 0.00584491753122905 -0.0107099580394721
0.4355 -0.00638272824066858 0.00584780973160498 -0.0120859790720711
0.436 -0.00632980806714235 0.00584692962710234 -0.0134795700118579
0.4365 -0.00627856899895283 0.00581100895912484 -0.0152052276990639
0.437 -0.0062283598946666 0.00574904651014993 -0.0170398633515562
0.4375 -0.00617084194347048 0.00568313981429609 -0.018850993246539
0.438 -0.00610927619883569 0.00561440271620984 -0.0206516979380595
0.4385 -0.00604443328493897 0.00554314835016878 -0.0224459595869676
0.439 -0.00597684582275915 0.00546965339118195 -0.0242360055204645
0.4395 -0.00590687818781977 0.00539408386783957 -0.026023479296703
0.44 -0.00583246807909252 0.00531895728268163 -0.0277603827295423
0.4405 -0.00572339287158792 0.00533300725152614 -0.0289712952844534
0.441 -0.00563037695784934 0.00534142103626307 -0.0302249995583758
0.4415 -0.00562585227822216 0.00542106076810262 -0.0315382361672719
0.442 -0.00555638232828372 0.00537013600625118 -0.0320609365278916
0.4425 -0.00547494834072479 0.00534863589648166 -0.0327089709827852
0.443 -0.00539392450581995 0.00533131126723519 -0.0333556708207334
0.4435 -0.0053131777047939 0.00531622494566232 -0.0339926904886564
0.444 -0.00523218683717103 0.00530217169446518 -0.034619307517312
0.4445 -0.00516620924701338 0.00528560192358156 -0.035154617151638
0.445 -0.00519057578576023 0.00540456809547508 -0.0353927918632653
0.4455 -0.00533825594198101 0.00571626646669587 -0.0354206953476323
0.446 -0.00560315595547013 0.00619934792766428 -0.035284131030516
0.4465 -0.0059531122219987 0.00680149893836597 -0.0350438626959575
0.447 -0.00634319616572209 0.00745514893624023 -0.0347599803809954
0.4475 -0.00672782669125384 0.00809438605225325 -0.0344852490632283
0.448 -0.00707029563066217 0.00866805976445599 -0.0342602786035223
0.4485 -0.00734793199494468 0.00914527528902534 -0.0341123143533843
0.449 -0.00755216099293824 0.00951514408010553 -0.0340560449473174
0.4495 -0.00768587024637169 0.00978155509893671 -0.0340953076730064
0.45 -0.00776985974501784 0.00997043409320262 -0.0343985371196897
0.4505 -0.00780583638372343 0.0100965466775824 -0.0347805878992734
0.451 -0.00782045535876312 0.0101848617084269 -0.0352056458328696
0.4515 -0.00782147951244853 0.0102492429719551 -0.0356726439962808
0.452 -0.00781564637628816 0.0102997802711669 -0.0361769656773987
0.4525 -0.00780778648459908 0.0103431879187064 -0.036715056210775
0.453 -0.00780084658800124 0.0103833981157273 -0.0372850641391363
0.4535 -0.00779633578876743 0.0104223148776991 -0.0378868785266514
0.454 -0.00779482847653618 0.0104604534909513 -0.0385222118905749
0.4545 -0.00779637658372415 0.0104974536261878 -0.039194671556326
0.455 -0.00780082947989714 0.0105325160781173 -0.0399101700382836
0.4555 -0.0078073650819783 0.0105629416357022 -0.0407177946037417
0.456 -0.00782248516442717 0.010556625568143 -0.0419275887460123
0.4565 -0.00788676761836782 0.0105702934547924 -0.0431377810215341
0.457 -0.00795421351927409 0.0105837438014794 -0.0443743850142979
0.4575 -0.00802004716748564 0.0105943348123186 -0.0456481647464249
0.458 -0.00808202552863523 0.0106007537621354 -0.0469702106813502
0.4585 -0.00811047476061554 0.0105695931373427 -0.0486358810088968
0.459 -0.0081636650101314 0.010625506338496 -0.0505309631789118
0.4595 -0.0082082752198247 0.0106602545017522 -0.0524072210046659
0.46 -0.00824476019481214 0.0106810180549427 -0.0543026232277253
0.4605 -0.00827362608665505 0.0106906540438135 -0.0562344394544712
0.461 -0.00829471359623274 0.0106900341860163 -0.0582181209787984
0.4615 -0.00830676008968367 0.0106780668172872 -0.060274720820999
0.462 -0.0082988578408093 0.0106355939227226 -0.0626786753231973
0.4625 -0.00822647081803854 0.0105347541915038 -0.0655309454218634
0.463 -0.00815496435259742 0.010436314710999 -0.0683392787968008
0.4635 -0.00780034660390241 0.0100825499092758 -0.0707432862679354
0.464 -0.00748789285906801 0.00972782980563811 -0.0728537094824473
0.4645 -0.0071956570312009 0.0093857022799474 -0.074936049860816
0.465 -0.00682625921984694 0.00932451029930575 -0.0770181539219648
0.4655 -0.00631193845002192 0.00903107555824235 -0.0783499467381993
0.466 -0.00588032370076251 0.00882725799408365 -0.0795974857980175
0.4665 -0.00546651350268945 0.00863392754574512 -0.0807211786188076
0.467 -0.00538075371450954 0.00833157859338108 -0.0814251420063176
0.4675 -0.00505029798922731 0.0080406132862685 -0.0816143657450315
0.468 -0.00505405904029092 0.00801892383634353 -0.0818564411247426
0.4685 -0.00473236802895923 0.00760101546227151 -0.0810212784639746
0.469 -0.00494347403422731 0.00730078241814391 0.0729443863975889
0.4695 -0.00831380601011738 0.00884071972712867 0.0878897667796489
0.47 -0.0100833184772951 0.00888688515702062 0.0954124332206272
0.4705 -0.0113305328063266 0.00886252687635239 0.0985969516457597
0.471 -0.0130106646628865 0.00942496257127788 0.0983005640929972
0.4715 -0.0140305574541068 0.00932792428737245 0.0965176910454064
0.472 -0.0142593463835433 0.00942113411791191 0.0944378981567099
0.4725 -0.0142360752630386 0.00937015391875596 0.0918493699037124
0.473 -0.0140776388832052 0.0094175815916658 0.0884132070614725
0.4735 -0.0140447031929133 0.00946220935334453 0.0852490810672625
0.474 -0.0140175625857648 0.00949332773334398 0.0821425090655457
0.4745 -0.0139944026111032 0.00951651364837914 0.0790821721004764
0.475 -0.0139740762911165 0.00953392524101421 0.0760566071617499
0.4755 -0.0139557886003962 0.00954667711899241 0.0730568318286904
0.476 -0.0139388972682434 0.00955567051747044 0.0700761884717197
0.4765 -0.0139229960962177 0.00956149823065103 0.0671093673203341
0.477 -0.0139001091622109 0.00952863382136296 0.064778602493335
0.4775 -0.0138457934038897 0.00944062083153623 0.0630435398833951
0.478 -0.013817306336036 0.00939778814891153 0.0613618836766553
0.4785 -0.0137876395415563 0.00940636951531626 0.0600375009637741
0.479 -0.0137386220810368 0.00941616619844947 0.0590035839484724
0.4795 -0.0136964828927813 0.00944186506914329 0.0580205296146535
0.48 -0.0136526088028495 0.00947338816024119 0.0570836478613779
0.4805 -0.0136085038988396 0.0095113977861185 0.0561938085355567
0.481 -0.0135647452781339 0.00955572271577032 0.0553467792453847
0.4815 -0.0135214558794257 0.00960584651227245 0.0545366767482249
0.482 -0.0134785907276145 0.00966118361007911 0.0537573598941182
0.4825 -0.0134360594151059 0.00972116690086576 0.0530029054262188
0.483 -0.0133498929836621 0.0098200567349053 0.0524344615441904
0.4835 -0.0132498769140567 0.00995449245744006 0.0517309937497713
0.484 -0.0131044637085353 0.0101240544485559 0.0508848187539227
0.4845 -0.0129157394068394 0.0103100250544592 0.0499533348884427
0.485 -0.0126901248128878 0.0104859484062388 0.0489855844906691
0.4855 -0.0124398758071079 0.0106343261184766 0.0480198858210571
0.486 -0.0121813075805227 0.01075097918493 0.0470819014569756
0.4865 -0.0119312319537785 0.0108421014612343 0.0461841219796722
0.487 -0.0117035387194675 0.0109186083462781 0.0453274153717577
0.4875 -0.0115071452864882 0.0109908468633587 0.0445037764722242
0.488 -0.0113455884565421 0.0110650884117298 0.0436992214481824
0.4885 -0.0112175946033484 0.0111415476118224 0.042895748964155
0.489 -0.0111385606211456 0.0111984195863206 0.0419510510667034
0.4895 -0.0110597770054829 0.0112377356610427 0.0409821566747714
0.49 -0.011000689942916 0.0112980656168491 0.0400286272693366
0.4905 -0.0109571008110413 0.0113722627276876 0.0390800518385843
0.491 -0.0109247174969398 0.0114553482755153 0.0381227392610942
0.4915 -0.010900363337546 0.0115438426049393 0.0371455991252087
0.492 -0.0108819075943582 0.0116352397805282 0.036138627700655
0.4925 -0.0108679067067288 0.0117276320463092 0.0350910255156121
0.493 -0.0108570217236267 0.0118191288323705 0.033987533930444
0.4935 -0.0107505240751965 0.0118391022182031 0.0325448467833162
0.494 -0.0107730921772061 0.0118844627610391 0.0306743285857204
0.4945 -0.0108223923179947 0.0120038124302517 0.0287413037673961
0.495 -0.0108634430526369 0.0121023935220454 0.0268099477341716
0.4955 -0.0109059919238692 0.0121958349461826 0.0248927308109748
0.496 -0.0109898558658341 0.0123592879688727 0.0231712841498123
0.4965 -0.0109398328482622 0.0123963544093141 0.0217904870804293
0.497 -0.0109118918503044 0.0124451649492465 0.0207777755562789
0.4975 -0.0108554967503215 0.0124613608099194 0.0200416081498819
0.498 -0.0108077320202135 0.0124940662482677 0.0192977811131301
0.4985 -0.0107733068482481 0.0125331298588304 0.0185526967030259
0.499 -0.0107544582317883 0.0125747335058135 0.0178055169926384
0.4995 -0.010748442458694 0.0126151762839157 0.0170547212852242
0.5 -0.0107505893956509 0.012651377402584 0.0162997271273788
