#
0.005 0.00500000000001518  0.00499999999994297  0.0349687366459476
0.01 0.00499999999961653  0.004999999999839  0.034917610987481
0.015 0.00499999999851557  0.00500000000007112  0.0348428870428177
0.02 0.00499999999651723  0.00500000000049501  0.0347367624771183
0.025 0.00499999999379966  0.00500000000125757  0.0345890494277808
0.03 0.00499999998965182  0.00500000000309946  0.0344035455642257
0.035 0.00499999998049104  0.0050000000085474  0.0342006201300059
0.04 0.00499999996528349  0.00500000001780817  0.0339759755235221
0.045 0.00499999994545328  0.00500000003076884  0.0337164953225233
0.05 0.00499999991358613  0.0050000000539297  0.0334438169837369
0.055 0.00499999987079672  0.00500000008593648  0.0331475210172136
0.06 0.00499999981281162  0.00500000013103421  0.0328334277018448
0.065 0.00499999973673654  0.00500000019114723  0.0325042667227347
0.07 0.00499999963940377  0.00500000026978478  0.0321587186444312
0.075 0.00499999951893725  0.00500000036765274  0.031800950989191
0.08 0.00499999936767654  0.00500000049207787  0.0314316841150694
0.085 0.00499999918866619  0.00500000063960739  0.0310495176878687
0.09 0.00499999896595873  0.00500000082416201  0.0306617605518526
0.095 0.00499999871426885  0.00500000103327396  0.0302605441933209
0.1 0.00499999841066965  0.00500000128596938  0.0298557805019805
0.105 0.00499999803973954  0.00500000159505752  0.0294421724823345
0.11 0.00499999763136885  0.00500000193561194  0.0290214009616451
0.115 0.00499999714454014  0.00500000234225447  0.0285986625938367
0.12 0.00499999658805152  0.00500000280733433  0.0281670337845477
0.125 0.0049999959591326  0.00500000333384387  0.0277324025240073
0.13 0.00499999521350181  0.00500000395607834  0.0272957259288473
0.135 0.00499999437662341  0.00500000464617152  0.0268526100607526
0.14 0.00499999343504553  0.00500000541227104  0.0264078951070662
0.145 0.00499999234996844  0.00500000628617669  0.0259614400068479
0.15 0.00499999115068469  0.00500000724169413  0.0255102528201775
0.155 0.00499998984705575  0.00500000827584944  0.0250578539807701
0.16 0.00499998830415988  0.00500000950236325  0.0246048620637097
0.165 0.00499998659770195  0.00500001085961157  0.024146783641934
0.17 0.00499998467930404  0.00500001238637564  0.0236873105061965
0.175 0.00499998242232399  0.0050000141847475  0.0232283483242747
0.18 0.00499997995662303  0.00500001615012083  0.0227651504649924
0.185 0.00499997720167492  0.00500001834610162  0.0223009347564988
0.19 0.00499997389840523  0.00500002098107434  0.0218380876338915
0.195 0.00499997007885985  0.00500002402925912  0.0213725367458104
0.2 0.0049999658772086  0.00500002738195539  0.0209035649348404
0.205 0.00499996107039477  0.00500003121777328  0.0204361494074145
0.21 0.00499995529720163  0.00500003582629658  0.019968990207145
0.215 0.00499994882094169  0.00500004099604349  0.0194979507034302
0.22 0.00499994138336195  0.00500004693363838  0.0190269301475003
0.225 0.00499993257916004  0.00500005396333401  0.0185565402955125
0.23 0.0049999223600109  0.00500006212400944  0.0180832306843049
0.235 0.0049999110222395  0.0050000711775642  0.0176080580488984
0.24 0.00499988918422171  0.00500009042980479  0.017134417035913
0.245 0.00499988645507044  0.00500009014748334  0.0166597808509406
0.25 0.00499988452338511  0.00500008891233225  0.0161822884178583
0.255 0.00499988054222801  0.0050000893096654  0.0157056625708754
0.26 0.00499987377931999  0.00500009188410531  0.0152300555333371
0.265 0.00499984158810369  0.00500011940709373  0.0147518299117558
0.27 0.00499983242234605  0.00500012345602101  0.0142724136461417
0.275 0.0049998090221686  0.00500014076651724  0.013794449553784
0.28 0.00499977947048416  0.00500016269409431  0.0133159827600124
0.285 0.00499974667534225  0.00500018697312803  0.0128349058231121
0.29 0.00499970845758964  0.00500021517388056  0.012354464261427
0.295 0.00499966455926962  0.00500024748037935  0.0118751321724265
0.3 0.00499961363283061  0.00500028489624935  0.0113940949579687
0.305 0.00499955692951642  0.00500032650705628  0.0109115521832549
0.31 0.00499949118656439  0.00500037472407141  0.0104313121085004
0.315 0.00499941199290224  0.00500043279885194  0.00995221878669614
0.32 0.00499932671625779  0.00500049530791509  0.0094702614359322
0.325 0.0049992321728585  0.00500056459846457  0.00898845187045756
0.33 0.00499911844412976  0.00500064845195726  0.00850804826301664
0.335 0.00499897155537444  0.00500075963535057  0.00802616610957626
0.34 0.00499880806555792  0.00500088192008072  0.00754234669012221
0.345 0.00499859186147263  0.00500103899392052  0.00705972349345914
0.35 0.00499834520577922  0.00500121787120435  0.00657829940112344
0.355 0.00499806767180308  0.00500142088477031  0.00609437883534415
0.36 0.00499776720238053  0.00500164121570209  0.00561011467908405
0.365 0.00499739604852557  0.00500192082309361  0.0051278128740748
0.37 0.00499693230032556  0.00500226658140814  0.00464514702633556
0.375 0.0049964038610143  0.00500265926944265  0.00416013797018131
0.38 0.00499577257804296  0.005003125136973  0.00367595729983638
0.385 0.00499499372269307  0.00500365111839449  0.00319433294414239
0.39 0.0049940850550424  0.00500436836958167  0.00271236216947581
0.395 0.00499308545927686  0.0050051191701649  0.00223094062031509
0.4 0.0049919115434743  0.00500600493195978  0.00175623211911548
0.405 0.00499047836427435  0.00500709026305495  0.00129077133023796
0.41 0.00498876623743573  0.00500841330805785  0.000849729550464093
0.415 0.00498098851276786  0.00501378268226862  0.00112143021396198
0.42 0.00497349910836455  0.00501902648392451  0.00125374618253439
0.425 0.00496574179789005  0.00502449466949774  0.00130436718472232
0.43 0.00495682658977764  0.00503045120495653  0.00129293467230703
0.435 0.00494661824869515  0.0050371337067612  0.00123205163988266
0.44 0.00493513295918926  0.00504477223415269  0.00113261972429813
0.445 0.00492245025420249  0.00505323188103006  0.00100864752346415
0.45 0.004909614678476  0.00506177109665664  0.000874519926041502
0.455 0.0048999903984482  0.00506848222197554  0.000894929195424592
0.46 0.00488873484265365  0.00507629506151377  0.000929486772524975
0.465 0.00487601614976097  0.00508467548998159  0.000930126094619802
0.47 0.00486248692902614  0.00509336456387511  0.000903821649580909
0.475 0.00484838587333563  0.00510237181098967  0.000855470771060296
0.48 0.00482950980774105  0.00511449693202965  0.000859777141745679
0.485 0.00480746075213696  0.00512932890777645  0.000866930561389536
0.49 0.00478400292861619  0.00514539925585939  0.000849093423721711
0.495 0.00476646275748275  0.0051582606217637  0.000846392929494301
0.5 0.00475158352760214  0.00517060732345964  0.000848017942997759
