#
0.005 9.43767184351153e-12 -8.72000980849056e-11 -0.00817086878812681
0.01 -1.37755021926425e-10 -3.08946640452199e-11 -0.0123803005786851
0.015 -4.75857025611824e-10 5.85843887628023e-11 -0.0178943412019349
0.02 -6.90655060832459e-10 3.1604476735489e-10 -0.0248607782188305
0.025 -7.32412536252542e-10 2.90891683938442e-10 -0.0340756417082078
0.03 -1.36508360702397e-09 4.16418462345006e-10 -0.0393539126236823
0.035 -2.50791597258951e-09 1.34528947043457e-09 -0.0420728930388845
0.04 -3.61479931814577e-09 2.31813747768572e-09 -0.0488108926662966
0.045 -4.92568053234554e-09 3.40774674307608e-09 -0.0537968612648023
0.05 -7.64138555409028e-09 5.62526954562486e-09 -0.0560044224943785
0.055 -9.4831600498552e-09 7.34849492827753e-09 -0.062149699817507
0.06 -1.38214642564315e-08 1.09175662358579e-08 -0.0633790488534804
0.065 -1.57103891958602e-08 1.26416537289154e-08 -0.0688497023227557
0.07 -2.2433983230657e-08 1.82887284499192e-08 -0.0693745443112315
0.075 -2.77324236158253e-08 2.25696231412989e-08 -0.0737940060169715
0.08 -3.41333661946129e-08 2.80064270530218e-08 -0.0739987869170771
0.085 -4.08436000205633e-08 3.3584690448678e-08 -0.0776363970034911
0.09 -5.2902765772274e-08 4.35891063004178e-08 -0.0784296688776345
0.095 -5.81467921370241e-08 4.83409696340608e-08 -0.0803075620436031
0.1 -6.37994026855819e-08 5.3224892034578e-08 -0.0830007028653492
0.105 -8.0733779500924e-08 6.7279881326453e-08 -0.0823269544124111
0.11 -9.24075987492013e-08 7.70448078981382e-08 -0.0849287462724314
0.115 -1.03999668664198e-07 8.66813368242613e-08 -0.0860636669925463
0.12 -1.29231825485573e-07 1.0802875774166e-07 -0.0856923685546549
0.125 -1.44407471867625e-07 1.21019276432117e-07 -0.0881642611243943
0.13 -1.43404635470882e-07 1.18892407598009e-07 -0.0878143259193476
0.135 -1.81842831510181e-07 1.48739143035295e-07 -0.087641514195944
0.14 -2.14883495966723e-07 1.74321422058878e-07 -0.0900953137061298
0.145 -2.02640761495359e-07 1.61326667279647e-07 -0.0895608946702156
0.15 -2.54407766408328e-07 2.02041213327327e-07 -0.0893990508390084
0.155 -2.88722279945745e-07 2.29615000969608e-07 -0.0915349263275536
0.16 -2.52244202381944e-07 1.99202576668498e-07 -0.0914136022196649
0.165 -3.88347614170346e-07 3.09457738573062e-07 -0.0907463367930759
0.17 -3.87767337157839e-07 3.08520421928803e-07 -0.0924397931141335
0.175 -3.98158738021428e-07 3.16422547184982e-07 -0.0930421630245738
0.18 -5.44037111828994e-07 4.3386953717619e-07 -0.0918507199479623
0.185 -6.85510099916816e-07 5.4758859616938e-07 -0.0929542380138594
0.19 -5.23975230451791e-07 4.17050171605722e-07 -0.0937930575331909
0.195 -8.23065057017547e-07 6.56813091784014e-07 -0.0926706273554483
0.2 -9.06595944563495e-07 7.23458584462051e-07 -0.093174899955733
0.205 -9.74762591704695e-07 7.77624899868713e-07 -0.0939556527326611
0.21 -9.90039113950935e-07 7.8928934499629e-07 -0.0935125150931025
0.215 -1.37374488889106e-06 1.09660096732866e-06 -0.0934075304197354
0.22 -1.76282917473058e-06 1.40794071074535e-06 -0.0948284787815438
0.225 -1.84935236830414e-06 1.47646422385615e-06 -0.0950420497548383
0.23 -2.22510699462359e-06 1.77677499218494e-06 -0.0938196354511497
0.235 -2.62997730429753e-06 2.10044689693404e-06 -0.0948348850944043
0.24 1.35563182316811e-05 -1.40903806893658e-05 -0.0961378623793178
0.245 8.49656255555863e-07 -1.55025308551161e-06 -0.0947774524523002
0.25 -7.39126975327563e-07 -4.3511310031896e-08 -0.094623246096485
0.255 -1.23992842665192e-06 4.03397009134313e-07 -0.0961721184397634
0.26 -1.09871973750548e-06 3.36024095261634e-07 -0.0961303590472563
0.265 2.59589964730686e-05 -2.70068761992876e-05 -0.0947951493021463
0.27 4.07677699149699e-06 -5.3122843056234e-06 -0.0957045264838574
0.275 -5.14779716134481e-06 3.52054516990199e-06 -0.0966561263645909
0.28 -7.17794633118555e-06 5.28921372063842e-06 -0.095524293178752
0.285 -7.52457968883789e-06 5.55020283337867e-06 -0.0952259881581853
0.29 -9.08698458783975e-06 6.69337685517888e-06 -0.0965204200393795
0.295 -7.76755493776737e-06 5.70653016477229e-06 -0.0967070021111416
0.3 -1.05003461712276e-05 7.70803578472066e-06 -0.0954664637829562
0.305 -1.18080988904037e-05 8.66018980205531e-06 -0.096004228046097
0.31 -1.32807302270869e-05 9.73536178661481e-06 -0.096456668554463
0.315 -1.33148300717404e-05 9.75199425152185e-06 -0.0960515189061158
0.32 -1.87491316797136e-05 1.37437585366914e-05 -0.0953417856690696
0.325 -1.9295129185115e-05 1.41382915700494e-05 -0.0964473269409601
0.33 -8.96080291242343e-06 4.28546969124184e-06 -0.0970719768657448
0.335 -3.56034897696038e-05 2.76022302247809e-05 -0.0959100956085198
0.34 -5.66763573764084e-05 4.78645766140012e-05 -0.0960011946059167
0.345 -4.17201807734499e-05 3.39315914979799e-05 -0.0972808664941583
0.35 -5.1693075278866e-05 3.88742992923685e-05 -0.0972035120971311
0.355 -6.09664012311677e-05 4.47906552196472e-05 -0.0956825317180815
0.36 -7.01519627094739e-05 5.14882182441522e-05 -0.0966575737539096
0.365 -8.88871452250992e-05 6.79416823267724e-05 -0.0976506517615727
0.37 -0.000154921010148398 9.77396296171824e-05 -0.0963492417672761
0.375 -0.000117796907050478 7.9971805822282e-05 -0.0959940149656707
0.38 -0.00014955800228037 0.000103230459644645 -0.0971006644749718
0.385 -0.000113520464498962 0.000161960286144992 -0.0970123851748549
0.39 -0.000171508124467208 0.000153301228499496 -0.0955641510816582
0.395 -0.000207986923228973 0.000159624159295937 -0.0952054468878945
0.4 -0.00024557745493227 0.000182128668567089 -0.0951730563726353
0.405 -0.000323761240563228 0.000257763705466909 -0.0916755418811346
0.41 -0.000285353983581854 0.000197014674537187 -0.0820825521196002
0.415 -0.0015101415163734 0.00107083913466469 0.0370924082912325
0.42 -0.00149924024843022 0.00105276992619875 0.0172787230430242
0.425 -0.00162459783336834 0.00113537600882524 0.00346408156754021
0.43 -0.001911312487168 0.00125523181671307 -0.00763736324582333
0.435 -0.00216917947093781 0.00142990382360338 -0.0164264195788547
0.44 -0.00242649091079458 0.00162612471703508 -0.0228469014073326
0.445 -0.00258843506729723 0.00172628676688972 -0.0261651094889276
0.45 -0.00255716577416 0.00167953346399228 -0.0274372671949939
0.455 -0.00200483969445183 0.00143702655232167 0.0112293089192467
0.46 -0.00243342604394554 0.00163651069823019 0.00318756135729167
0.465 -0.0026374864152602 0.00170839055727985 -0.00274726893238232
0.47 -0.00276446431237525 0.00176608895130085 -0.00762321685479988
0.475 -0.00290722752473436 0.00185048769219838 -0.0115544792566768
0.48 -0.0042735499885015 0.00281857154768696 0.00459019186657118
0.485 -0.00455570616101295 0.00309501716708888 -0.00135596055740493
0.49 -0.00482385678615232 0.00333495494672918 -0.00538618457147602
0.495 -0.0027987515308905 0.00227584755326111 0.002670906849274
0.5 -0.00311275870316265 0.00264837299072468 -0.00176972488788864
