37037.037037037
35
0.000000000 0.000000000 0.000000000 0.000000000 49.803211212
4.687500000 23.437500000 21.875000000 21.875000000 17.511020660
-4.687500000 -23.437500000 21.875000000 21.875000000 17.511020660
-4.687500000 23.437500000 -21.875000000 -21.875000000 17.511020660
4.687500000 -23.437500000 -21.875000000 -21.875000000 17.511020660
14.062500000 7.812500000 28.125000000 28.125000000 17.495164871
-14.062500000 -7.812500000 28.125000000 28.125000000 17.495164871
-14.062500000 7.812500000 -28.125000000 -28.125000000 17.495164871
14.062500000 -7.812500000 -28.125000000 -28.125000000 17.495164871
-14.062500000 7.812500000 28.125000000 28.125000000 17.495155334
14.062500000 -7.812500000 28.125000000 28.125000000 17.495155334
14.062500000 7.812500000 -28.125000000 -28.125000000 17.495155334
-14.062500000 -7.812500000 -28.125000000 -28.125000000 17.495155334
23.437500000 21.875000000 4.687500000 4.687500000 17.491752625
-23.437500000 -21.875000000 4.687500000 4.687500000 17.491752625
-23.437500000 21.875000000 -4.687500000 -4.687500000 17.491752625
23.437500000 -21.875000000 -4.687500000 -4.687500000 17.491752625
-23.437500000 4.687500000 21.875000000 21.875000000 17.484943390
23.437500000 -4.687500000 21.875000000 21.875000000 17.484943390
23.437500000 4.687500000 -21.875000000 -21.875000000 17.484943390
-23.437500000 -4.687500000 -21.875000000 -21.875000000 17.484943390
23.437500000 9.375000000 20.312500000 20.312500000 17.478935242
-23.437500000 -9.375000000 20.312500000 20.312500000 17.478935242
-23.437500000 9.375000000 -20.312500000 -20.312500000 17.478935242
23.437500000 -9.375000000 -20.312500000 -20.312500000 17.478935242
-9.375000000 20.312500000 23.437500000 23.437500000 17.478815079
9.375000000 -20.312500000 23.437500000 23.437500000 17.478815079
9.375000000 20.312500000 -23.437500000 -23.437500000 17.478815079
-9.375000000 -20.312500000 -23.437500000 -23.437500000 17.478815079
14.062500000 28.125000000 7.812500000 7.812500000 17.478796005
-14.062500000 -28.125000000 7.812500000 7.812500000 17.478796005
-14.062500000 28.125000000 -7.812500000 -7.812500000 17.478796005
14.062500000 -28.125000000 -7.812500000 -7.812500000 17.478796005
-14.062500000 28.125000000 7.812500000 7.812500000 17.478794098
14.062500000 -28.125000000 7.812500000 7.812500000 17.478794098
