#
0.00125 0.004999999999905  0.00499999999986687  0.0349975365441822
0.0025 0.00499999999971612  0.00499999999937103  0.0349926602823519
0.00375 0.00500000000042519  0.00499999999864395  0.0349853990403447
0.005 0.00500000000139545  0.00499999999779264  0.0349757674442193
0.00625 0.00500000000271367  0.00499999999700304  0.0349637623944221
0.0075 0.00500000000416033  0.00499999999626679  0.0349493142637838
0.00875 0.00500000000533876  0.00499999999560764  0.0349324031822896
0.01 0.00500000000603848  0.00499999999497089  0.0349132114608196
0.01125 0.00500000000632165  0.00499999999430618  0.0348918517143469
0.0125 0.00500000000609605  0.0049999999936328  0.0348684021089179
0.01375 0.00500000000541221  0.00499999999292502  0.034842899114672
0.015 0.00500000000436656  0.00499999999208007  0.0348153474264654
0.01625 0.00500000000272454  0.00499999999108427  0.034785764984515
0.0175 0.005000000000634  0.00499999998970126  0.0347541981383094
0.01875 0.00499999999785207  0.00499999998772222  0.0347206256890841
0.02 0.00499999999424029  0.00499999998477266  0.0346848912204864
0.02125 0.00499999998984863  0.00499999998106305  0.0346471006042935
0.0225 0.00499999998433719  0.00499999997617977  0.0346073247779417
0.02375 0.00499999997795252  0.00499999997020255  0.0345654915036174
0.025 0.00499999997038058  0.00499999996300671  0.0345218576919478
0.02625 0.00499999996175887  0.0049999999548845  0.0344764858553619
0.0275 0.00499999995189953  0.00499999994553589  0.0344293710782571
0.02875 0.00499999994077154  0.00499999993483259  0.0343805338051173
0.03 0.00499999992910763  0.00499999992341846  0.0343297197092988
0.03125 0.00499999991692484  0.00499999991143972  0.0342771056762118
0.0325 0.00499999990425368  0.0049999998989422  0.0342226877860549
0.03375 0.00499999989102989  0.00499999988594094  0.0341667061196778
0.035 0.00499999987774681  0.0049999998729388  0.0341091914827971
0.03625 0.00499999986472109  0.00499999986017466  0.0340501781956348
0.0375 0.0049999998532669  0.00499999984865206  0.0339895148936794
0.03875 0.00499999984145659  0.0049999998365648  0.0339272036954301
0.04 0.00499999982900572  0.00499999982356038  0.0338634130252251
0.04125 0.00499999981766254  0.00499999981160247  0.0337982943380496
0.0425 0.00499999980766342  0.00499999980089429  0.0337318291989696
0.04375 0.00499999979985956  0.00499999979194665  0.0336639723315229
0.045 0.00499999979503136  0.00499999978543706  0.0335946572992979
0.04625 0.00499999979150484  0.00499999977968786  0.0335241539718965
0.0475 0.00499999978820576  0.0049999997739901  0.0334524645498841
0.04875 0.00499999978546016  0.00499999976857204  0.0333795946424551
0.05 0.00499999978234518  0.00499999976154654  0.0333055646750544
0.05125 0.00499999977995203  0.00499999975427402  0.033230398014063
0.0525 0.00499999977802921  0.00499999974669541  0.0331541844780869
0.05375 0.00499999977788278  0.0049999997406151  0.0330769091082923
0.055 0.0049999997786883  0.00499999973452729  0.0329986389279521
0.05625 0.00499999977820426  0.00499999972582815  0.0329191828512728
0.0575 0.00499999977962136  0.00499999971837714  0.0328385366833526
0.05875 0.00499999978300182  0.00499999971231761  0.0327569894933231
0.06 0.00499999978836453  0.00499999970754988  0.0326745691146578
0.06125 0.00499999979559265  0.00499999970473245  0.0325912314231224
0.0625 0.00499999980353932  0.00499999970170545  0.0325071443367407
0.06375 0.00499999981189566  0.00499999969780574  0.0324222185970131
0.065 0.004999999821398  0.00499999969449382  0.0323363056326217
0.06625 0.00499999983230592  0.00499999969223485  0.0322491766955681
0.0675 0.00499999984467713  0.00499999969116323  0.0321610646256276
0.06875 0.00499999985830295  0.00499999969056761  0.032072261304335
0.07 0.0049999998724639  0.00499999968963239  0.031982481326672
0.07125 0.00499999988686883  0.00499999968746771  0.0318916175523481
0.0725 0.00499999990224723  0.00499999968602191  0.0317999749138666
0.07375 0.00499999991804917  0.00499999968330449  0.0317077504535202
0.075 0.00499999993473225  0.00499999968317682  0.0316150239280793
0.07625 0.00499999995115052  0.00499999968115972  0.0315213651959361
0.0775 0.00499999996854405  0.00499999968073964  0.0314271376357804
0.07875 0.00499999998633169  0.00499999967961759  0.0313322011838492
0.08 0.00500000000448482  0.00499999968097929  0.03123648506148
0.08125 0.0050000000228204  0.00499999968174864  0.0311404225938706
0.0825 0.00500000004145085  0.00499999968290171  0.0310438976005151
0.08375 0.00500000005967231  0.00499999968521022  0.030947034867696
0.085 0.00500000007826226  0.00499999968507223  0.0308493508863716
0.08625 0.00500000009635869  0.00499999968823288  0.0307512103605267
0.0875 0.00500000011393225  0.00499999969295413  0.0306527831258826
0.08875 0.00500000013250194  0.00499999969422982  0.0305537263519701
0.09 0.00500000014997335  0.00499999969789282  0.0304541134153978
0.09125 0.00500000016615866  0.00499999970359588  0.0303541906643131
0.0925 0.00500000018057939  0.00499999971170952  0.0302540522461965
0.09375 0.00500000019594337  0.00499999971817401  0.0301537187291698
0.095 0.00500000021200121  0.00499999972352293  0.0300530418151649
0.09625 0.00500000022869152  0.00499999972760059  0.0299515754451182
0.0975 0.00500000022728711  0.0049999997530045  0.029849517443024
0.09875 0.00500000022300818  0.00499999978123634  0.0297471391981743
0.1 0.00500000021191108  0.0049999998153458  0.0296444952593499
0.10125 0.00500000019399849  0.00499999985553808  0.0295415380075541
0.1025 0.00500000017637577  0.00499999989505321  0.0294384611255338
0.10375 0.00500000015789246  0.00499999993453841  0.0293352388589324
0.105 0.00500000013892215  0.00499999997371106  0.0292318153944959
0.10625 0.0050000001206294  0.00500000001217918  0.0291282952679486
0.1075 0.00500000010319698  0.00500000005014043  0.0290245154870063
0.10875 0.00500000008842381  0.00500000008940622  0.0289203984664434
0.11 0.00500000007774504  0.00500000013153034  0.0288160701067495
0.11125 0.00500000006744612  0.00500000017346009  0.0287115153777985
0.1125 0.00500000005758771  0.00500000021651141  0.0286066611358237
0.11375 0.0050000000474824  0.00500000025920452  0.0285017887282867
0.115 0.00500000003778582  0.00500000030334036  0.0283967190453223
0.11625 0.00500000002761663  0.00500000034459673  0.0282915684101076
0.1175 0.00500000001713938  0.0050000003838595  0.0281863362362751
0.11875 0.00500000000655233  0.00500000042034973  0.0280809403805216
0.12 0.00499999999569962  0.00500000044262422  0.0279753266178009
0.12125 0.00499999998487036  0.00500000043880697  0.0278692631746088
0.1225 0.00499999997399994  0.00500000042646982  0.0277629581658644
0.12375 0.00499999996285939  0.0050000004134637  0.0276562395007185
0.125 0.00499999995102795  0.00500000040307066  0.0275488415238551
0.12625 0.00499999993904282  0.00500000039375111  0.0274412738646363
0.1275 0.00499999992725542  0.00500000038301236  0.0273336805181341
