#
0.00125 -1.75451355632239e-10 -2.40361313390964e-10 -0.00293973028400342
0.0025 1.74343876082941e-10 -4.51490427048794e-10 -0.00485558072687206
0.00375 6.08899486823504e-10 -6.97124135393637e-10 -0.00675616817930234
0.005 8.65965878394413e-10 -6.72664781592845e-10 -0.00865027742957439
0.00625 1.20366052587208e-09 -6.94584240696351e-10 -0.0105584078983944
0.0075 1.02212013096475e-09 -5.70389003140493e-10 -0.0125675553377855
0.00875 8.35650240891769e-10 -4.89606294102634e-10 -0.0144689899211129
0.01 3.96381682776789e-10 -5.30289344089105e-10 -0.0162319302212197
0.01125 9.48378345777742e-11 -5.80528020203797e-10 -0.0179295314056357
0.0125 -3.90641035005951e-10 -5.26252340890525e-10 -0.0195836857644477
0.01375 -6.55005786875514e-10 -6.05906307701908e-10 -0.0212199649878361
0.015 -9.91777178235172e-10 -6.81599555932923e-10 -0.0228553472178686
0.01625 -1.53155661256197e-09 -9.62769947675577e-10 -0.0244638852693351
0.0175 -1.90076342799864e-09 -1.28804052952797e-09 -0.0260427555611868
0.01875 -2.59698674926623e-09 -1.99934690371902e-09 -0.0277145049387769
0.02 -3.09903096361363e-09 -2.65393449188087e-09 -0.0294432917542057
0.02125 -3.92270610577914e-09 -3.40657280859282e-09 -0.0310085561304587
0.0225 -4.68900786457785e-09 -4.23014237860895e-09 -0.032653918170448
0.02375 -5.51329495178695e-09 -5.23023039134719e-09 -0.0342162581188766
0.025 -6.54248346380574e-09 -6.25071437263991e-09 -0.0356010191559047
0.02625 -7.38074328695684e-09 -6.91195496855281e-09 -0.0369964499569942
0.0275 -8.3365412244203e-09 -7.98416590805548e-09 -0.0383673093920562
0.02875 -9.25667916006988e-09 -9.04440213589244e-09 -0.0398244068700517
0.03 -9.39103210835222e-09 -9.16417155236694e-09 -0.0414106267132824
0.03125 -1.02621468449385e-08 -1.01943842452202e-08 -0.0428538830173337
0.0325 -1.04299740709934e-08 -1.02676925666918e-08 -0.044192658353234
0.03375 -1.08308772471623e-08 -1.06505039643509e-08 -0.0453916172287092
0.035 -1.05298681060445e-08 -1.03410023515295e-08 -0.0466176403953554
0.03625 -1.00425217334656e-08 -9.95165511205468e-09 -0.0477763086231278
0.0375 -8.87180587025451e-09 -8.96464816958493e-09 -0.0492246307323316
0.03875 -8.84463423108402e-09 -9.27169283431769e-09 -0.0505221750813886
0.04 -9.71435917466585e-09 -1.01561849436437e-08 -0.0515667744406478
0.04125 -8.37059706010373e-09 -8.91057479313343e-09 -0.0526365045601633
0.0425 -7.97196251740082e-09 -8.59761737292082e-09 -0.0536837909008363
0.04375 -5.7412977380753e-09 -6.83661823743563e-09 -0.0549495434079655
0.045 -1.73091815186116e-09 -3.29095171332357e-09 -0.0559190145831699
0.04625 -2.56151072324576e-09 -4.38021938478418e-09 -0.0568772868995231
0.0475 -2.65493436496257e-09 -4.65413112390707e-09 -0.0578262605869175
0.04875 -1.29514907470873e-09 -3.7476535345892e-09 -0.0587155461831908
0.05 -3.2912779660346e-09 -6.84151741322677e-09 -0.0597502725612033
0.05125 -1.80404511264169e-09 -6.14143765469437e-09 -0.0605765877751285
0.0525 -6.72698185459951e-10 -5.24867541335647e-09 -0.0613794566814262
0.05375 2.99082275951146e-10 -4.72700306989664e-09 -0.0622291065622841
0.055 -1.44503213582921e-10 -6.12283277127514e-09 -0.0631004347593693
0.05625 1.6285616594578e-09 -4.96738552793862e-09 -0.0641521851439987
0.0575 1.93399136820181e-09 -5.34029564795836e-09 -0.0648694707221561
0.05875 3.21874028688733e-09 -4.76941377452251e-09 -0.0655994850121882
0.06 5.0570532282411e-09 -3.04804654835269e-09 -0.0662534751745517
0.06125 7.02677156882747e-09 -7.37744572633577e-10 -0.0669461383198707
0.0625 6.5360766361493e-09 -2.79170613556399e-09 -0.06759512655958
0.06375 7.21411234366675e-09 -2.90466428409467e-09 -0.0682639147532436
0.065 1.00563230453723e-08 1.00556175974748e-09 -0.0693070922863771
0.06625 1.03002638620526e-08 7.34974595232341e-10 -0.0702197443381905
0.0675 1.00184291916472e-08 -1.50468052469327e-09 -0.070755126610162
0.06875 1.11144205264918e-08 -7.4459317554169e-10 -0.0713117348041264
0.07 1.17605245406597e-08 -4.50134725913162e-10 -0.0723005647637998
0.07125 1.15398244047048e-08 -2.13117013155796e-09 -0.0731329070649087
0.0725 1.26697800797192e-08 -9.23330397443262e-10 -0.0735424399646507
0.07375 1.2923651012918e-08 -1.4247956270185e-09 -0.0739501810985457
0.075 1.30266999953469e-08 -2.10943882741432e-09 -0.0744643649241003
0.07625 1.35065545890073e-08 -1.16091524698697e-09 -0.0751822780318812
0.0775 1.4191436609602e-08 -9.29327914949226e-10 -0.0756043346033989
0.07875 1.46315293733894e-08 3.02472820378003e-09 -0.0764438010922756
0.08 1.4539531324705e-08 -3.42622986483312e-10 -0.0766872278196708
0.08125 1.48735414931465e-08 6.79299004919273e-10 -0.0770248082380813
0.0825 1.46183682975953e-08 1.57380146868208e-09 -0.077302871760965
0.08375 1.50116998947332e-08 -3.6775902634853e-10 -0.07772825858359
0.085 1.48246476961171e-08 7.36482264968172e-10 -0.0783532931572465
0.08625 1.45277708293056e-08 2.87134804966347e-09 -0.0786656217702185
0.0875 1.43651222320814e-08 2.7394132267113e-09 -0.0789879895170276
0.08875 1.47954416392868e-08 1.08253935202853e-09 -0.079606499353469
0.09 1.34633579649306e-08 3.99563831115962e-09 -0.0798471810881801
0.09125 1.06618804728209e-08 8.23814733503753e-09 -0.0799841329257619
0.0925 1.12631167107142e-08 6.69587704960646e-09 -0.0801596273136033
0.09375 1.2606316273944e-08 4.63548193364581e-09 -0.0803874908036176
0.095 1.33510672494944e-08 3.47410601953522e-09 -0.0806665598919294
0.09625 1.34163161338765e-08 3.1707881176855e-09 -0.081410845957175
0.0975 -1.8266040301382e-09 2.10938237853027e-08 -0.0817957506794594
0.09875 -3.38892778940514e-09 2.23352977840929e-08 -0.081995590638692
0.1 -1.21281665252408e-08 3.03471188752886e-08 -0.082351188900317
0.10125 -1.40745230934846e-08 3.17649295242498e-08 -0.0824149623000704
0.1025 -1.40316723137906e-08 3.13841165856327e-08 -0.0825479444010995
0.10375 -1.46880545456825e-08 3.12490251758654e-08 -0.0826054090373826
0.105 -1.45068356296595e-08 3.09328797635532e-08 -0.08274831184636
0.10625 -1.45304874344681e-08 3.04508683111813e-08 -0.082916379714312
0.1075 -1.3965595011632e-08 3.01688520420284e-08 -0.0831649953473396
0.10875 -7.41481119978027e-09 3.48925403026072e-08 -0.0834509226344329
0.11 -8.2794977008835e-09 3.38327185963627e-08 -0.0835373333149325
0.11125 -8.06003263919869e-09 3.39061610583793e-08 -0.0837153078989032
0.1125 -8.41292728929929e-09 3.25460478464316e-08 -0.0839557330641627
0.11375 -7.95556886871236e-09 3.47022436317585e-08 -0.0839720307086993
0.115 -7.77935826406129e-09 3.52403756345019e-08 -0.0841014080524408
0.11625 -8.1361077743041e-09 3.40674633280947e-08 -0.084239395956835
0.1175 -8.36051161763356e-09 3.21805819659651e-08 -0.0842263654162027
0.11875 -8.50528689656184e-09 2.80895756460302e-08 -0.0843932833951299
0.12 -8.7786750903045e-09 1.18105299883877e-08 -0.0846950670016191
0.12125 -8.75241142157595e-09 -8.72068616631775e-09 -0.0849864713166872
0.1225 -8.70425110695341e-09 -1.17280527636917e-08 -0.0851245219488501
0.12375 -8.93550148587149e-09 -1.32599078382083e-08 -0.0858284486309167
0.125 -9.70974089287898e-09 -5.80841375953781e-09 -0.0860633860186006
0.12625 -9.76961231492563e-09 -6.52299768221683e-09 -0.0861027402997868
0.1275 -9.44971180977576e-09 -8.50091617310521e-09 -0.0860457747633499
